27.747232859333693 65.13518300092349 0.5134783350101263
12.735100980300103 -88.26310573559863 0.5047042861479005
-17.069105308751404 -98.9956992628034 0.4959806914274901
88.01247438739998 25.91053344704916 0.49839471937926294
-50.613649678377804 1.908094448784638 0.4717142961118611
18.905330283020746 72.33988005641712 0.4964528057486316
-69.31960918698441 -94.00627254550278 0.49899110360400545
62.85021071771496 -3.567157128148793 0.4802767380286964
34.08778246503243 -30.134441985217435 0.5527262899187945
22.77055839312456 -33.7711654342868 0.430985558784674
-43.24680939515484 63.236959966051074 0.5079898792902994
81.89865177879253 12.737982495006591 0.5059741586623703
18.915736218722444 24.057360828729784 0.5072580224432217
95.80960711438655 -17.904595860599002 0.4955211834526011
-47.30787908453657 30.102643794510783 0.4830872455830872
15.035452603611475 68.44268337590165 0.5048884542993423
30.56935719510446 -46.34348509233326 0.5141560023602179
31.695898691531426 -65.05596043348788 0.48745519005475146
10.319540088494719 -6.460691866286965 0.23106609441213094
81.50290419168934 -76.87291085835551 0.5014251921059083
47.4825570783091 -21.560683895422656 0.5293254850136669
28.751255255860855 39.74330633248027 0.5325138935345991
30.24037345849129 68.92352497191027 0.48913692858814645
35.35231498528441 -56.10378986264948 0.4866459867196385
-52.80026563262066 -18.19925304062066 0.49498746369172386
-65.29885771520205 30.33624193598402 0.4885905625789008
68.68115778229381 -32.22189852755484 0.493464102558382
-41.04840984963687 -43.81252368614199 0.48188090335174466
85.71056732030615 -49.4479174047924 0.5042928845470106
30.41817852896355 63.076560547537724 0.5036195919296332
-53.30887526598749 -69.64174943594037 0.49426724047563003
98.32105250052169 81.00808165737385 0.5015989319871177
28.58435498440238 -33.432276746523996 0.4419496032050334
12.07529016550943 -22.649132768449803 0.41252530666672904
-54.699666785927924 -92.04602857453685 0.4972019557025142
89.77655744649832 -65.19186215939092 0.501142828739605
-67.77557418981445 -42.744688513826645 0.5090739806395381
-70.75487555758801 -35.20449212609603 0.4946845834472508
-38.7103644507802 -37.28118758354204 0.47414366479123404
-44.43850330492225 -52.09504714108854 0.49560386604411244
96.02048361637264 4.2764908097459085 0.5039524714011403
95.77035012943199 -6.463071540174397 0.5045198128161237
52.46747729444024 -56.5160419122414 0.5099153971089246
95.95195291319442 -40.64389776289676 0.49827765420551057
-74.89550109051373 79.00795378822565 0.501735849177869
16.43639282112194 -32.01852369590128 0.5913376108562473
-81.0682308021138 79.39009569113739 0.49808215333519806
73.73063364347271 -89.04630791535138 0.4992585040671104
68.1559532114866 97.74680834627401 0.4980385059843876
-29.408302341040056 -25.924563081756105 0.5770079601463001
-98.10617493782192 6.675482800098649 0.5013670983772824
49.671320785532345 60.175772605431405 0.4948232396565928
-87.85143601805028 -51.009894877068085 0.5020092825994059
30.751832112551938 -96.69473769638782 0.5011626887540632
-47.875979546964786 -86.72042536092968 0.5041946950045693
-57.92417573828976 -70.08859359089435 0.494550576497796
-74.91166772462141 59.23455256269244 0.503931131780981
-33.79998875407462 -7.128873305057354 0.39609861093360116
-17.63759810126915 67.7692990780414 0.5035889869386335
-41.191200511474804 71.31517725868315 0.49819123039524865
36.33938776800926 37.05228588745348 0.5363725007067145
-36.53321115011732 -15.797473851740463 0.5362680736132429
-49.21455949419244 88.51380190290325 0.4996793961879134
-61.32593165040805 52.90504205276605 0.49831913183135434
39.86466033955088 9.462259453549365 0.4327168964211804
-40.612492264997435 13.26496512841446 0.5508017456390752
36.0521634552 14.177760497086652 0.5390621764366363
26.29913500333008 -65.18636284195875 0.5099860863449581
-94.35822518250507 -57.88117402302002 0.49974594543304535
-23.387449292184684 -97.38296998735427 0.4970156615682102
-95.00679991308839 3.4444083226415216 0.5003573458998936
41.472004226002326 41.13475874443188 0.5214056736552494
-98.05160832838249 77.26664950525844 0.500150361328354
-60.551627885907486 -95.1295068631644 0.4979054879494878
-56.76449981012672 84.07378986280338 0.5009801334430263
45.12562573572623 -72.08702992318159 0.49334627720620333
-48.4420672719496 1.934350177481889 0.5405249395446007
-42.96840080782878 81.07051248958496 0.4984635541872688
-5.697257336992109 19.826266612466696 0.7250074001881572
-70.40002730867496 -84.00011642884103 0.49776297604371295
-12.129995230982104 -82.37672602522316 0.5079422932474872
62.145819178613834 82.3252005062688 0.4981598474496112
46.70499576100798 67.59673313756048 0.49524124035552386
-43.997044027560726 -55.95016427385402 0.5075429941197477
-46.53365601933157 42.50908001524027 0.48129821455994964
83.48297653864242 -48.29225478392478 0.5014770394822161
67.98585255316675 77.30013826267628 0.4995811576683045
22.013330014071315 76.44283035677549 0.5040347444004559
76.64429569241756 -11.326118333425228 0.5053778375993422
48.091063714567895 9.484555597137074 0.5344961537571209
98.3505037715359 -67.95802583444639 0.49797687351798847
70.58646381392336 56.25661159875949 0.5006992425303756
27.22704279092443 -90.26831588113515 0.4949020644512236
93.10452805969052 36.60852906619871 0.49768671834156186
15.573004633650328 -41.00754349106992 0.4431264896659032
1.1572006004179087 34.66690866323842 0.40038150565378217
7.0112233870759155 -43.10073614726249 0.45218752556485164
-77.06683374594571 -66.2302322706995 0.5021963669405498
81.75850743970773 -88.93065986617611 0.5019653296006238
-59.8799799566456 42.15803578085689 0.5045779373030513
-10.513358940522807 50.405855480558955 0.5288920812753666
73.17465472422393 -89.63617371424087 0.498808196564082
38.27245957852165 92.23666509888588 0.49904304500225943
-30.8077661353433 -15.24872679943951 0.4018685385158657
74.64932019167455 69.92081258971555 0.5035637499471031
74.78046922228893 -80.30131049400384 0.49735732222540235
64.29110135347597 62.142520741907504 0.5060013203718561
-41.5973624744451 24.92570409814266 0.5409594064163205
53.657543478941534 -22.779338524646064 0.5243148174192711
31.402690650061658 7.360493473772479 0.5125759410508197
47.101105012623236 88.32270296658461 0.4973381557909208
-24.50651178303562 -45.9397369151656 0.5324916014060472
-39.40752425193108 13.106976163930085 0.48714289578606973
43.33485094032264 1.0862906888261534 0.48199400182885627
-62.82173320066595 -69.2477577234164 0.49962803149135904
35.73586892677807 2.704693606106872 0.5801213386929602
-78.25386937925707 39.218963781561314 0.49568146452668865
44.10709822994292 -96.07658753649004 0.5019675152959657
22.815842411492966 -68.37856630148323 0.4877398966591783
-30.33875009047344 -72.8988103440213 0.49362598115265205
-78.67542248223245 -69.6192310548611 0.5032103995139408
15.444848160872098 18.28503460186937 0.6484030610028876
60.190749241961555 2.6935507081197443 0.4898693651334329
-25.650468085624254 -6.328368832110655 0.646198598827739
-42.44819115180807 -54.158397853168935 0.48751939157900753
5.12510450091726 43.191152218918376 0.4665087114498077
77.1680966259919 67.9922533106168 0.5002863902300028
-3.6136711222470836 -91.11976682931724 0.49432212225170236
-10.657943922648826 20.539580218672555 0.6409815211361041
1.1234225141094214 -99.89453241563702 0.4987326407014528
79.09782672083904 -98.91993804007288 0.5006907338570161
7.46762853200444 -21.357703866746405 0.43495721109520746
41.87205346758151 -8.132353809964641 0.5556189601919087
49.06516007157947 96.52877651877373 0.503023704808293
50.731784999982324 34.0003385572376 0.5207650873690458
-91.39103592119737 94.37381023818745 0.49938565261819234
-67.60527748757166 -2.5504202112503123 0.5156944242907388
26.48347956751435 30.53447874614369 0.45202646033087057
-85.9695932346147 -99.06952574384198 0.49997464602288094
8.084855601127487 61.09313586616665 0.5161947452575072
-84.00139931723808 -56.356681438868804 0.4987422304893821
-69.52096287078713 3.3342861859882333 0.49174485715546723
-67.51375501707685 43.27724812238699 0.5089299735883022
91.08428611260408 80.03736436189038 0.5016694673868436
70.97436816236464 19.92710616408162 0.5117923910924941
-22.818467897334727 90.51350768294947 0.5012278254302878
19.035972749441 44.21999671172995 0.5204905770626745
-81.89371847985467 14.024050603472645 0.5075658463739462
1.9551863107218281 -92.5850228675573 0.5053974184153319
-68.58468584859202 -59.39340271941238 0.495738583871617
-90.64500381206221 90.73634928189625 0.49925309630992204
83.56198018080934 33.9582459411954 0.5014507899170009
19.632698202490033 -33.48762907056238 0.5492621277473949
-85.03470865376713 -67.15612736341859 0.5030747076430215
61.996621284042874 -16.460548052063942 0.5166248272784477
-28.37446769491632 7.206743718449431 0.5606095080958456
-5.304140804754937 -70.29873072020027 0.5130559350478229
-45.78271901362978 61.39411307674433 0.5076334776652626
-0.819527651361966 99.37146348275797 0.5028550638042889
-51.311495393102334 63.22902746957294 0.49247931723404564
-70.24912498438347 66.34402874133835 0.49979943790953557
-21.887815253017664 -16.728729725137057 0.48075207478390286
-50.972199179418084 -55.51334650372435 0.4888191141747991
-63.20136731501365 -56.79303801674382 0.49291637754093126
-77.76703042856938 66.30899185114168 0.503745755269108
-18.235822379608678 16.199782893757074 0.4824008203030861
-70.23010596073419 70.70512779301552 0.5007387282075996
-98.16494014193793 2.6751132206148043 0.5002348111123128
84.54186233191348 32.07186572614009 0.49881944813880974
-87.52236195730791 85.88491906242487 0.4980951173767236
-71.71613732128554 29.98516191650245 0.5004453422659318
-53.87898666700086 23.931616328112753 0.49751160631570907
-9.835771639564712 -49.5108869989477 0.4638296799777378
97.37023907321591 13.257389002841464 0.5008215524429052
38.771968148561456 58.05620365266026 0.49746497842228576
70.710463075832 -76.13159447975752 0.4967839704935112
-2.2704887113755348 98.76940553014197 0.5040861070099617
40.73617002094406 -20.749480686253037 0.5496034897975239
-3.9403242168918524 -59.42021424876336 0.47674487654101344
-18.676002128935053 81.74014799121176 0.5028911165022077
-8.331798985173293 -70.0310939860281 0.5132923015200083
-92.32805476900816 70.58720582471969 0.4976259337272131
14.75258008403948 60.318551069772525 0.4978843136173103
40.21096195012305 73.93806005770313 0.4980705266499327
47.11890601698448 -63.99446736949916 0.5026680503972536
-72.39478312117747 17.141557167960315 0.5049093486206218
-93.37384062587435 -97.69236847785037 0.498659241901636
78.66473753936606 -37.45398872576051 0.5007192340156584
-46.95422549486705 -17.933989481992455 0.4597915370379781
76.69506062493957 -15.323848783845733 0.49218791507111115
3.9697600031977913 47.98332304122647 0.5208067153886048
-36.870970207735574 -94.39372028190252 0.500180114319378
79.03425385071696 -84.9265857108102 0.4978490845915768
-9.068924146711808 18.4774761232499 0.7337449810420771
33.73480252808292 16.15875539314149 0.4277217810350656
16.561126805000526 4.9511412392420056 0.7963858543125736
15.370805816452076 -4.915071850449436 0.29444699607242797
-16.499714091089345 -30.633815811987247 0.40898597456791425
-58.99982909917219 -83.50758624632255 0.5036506597806752
0.6840145281820753 -8.334709978735248 0.7295220566309415
98.72195747020402 92.16162044648874 0.4986523379820406
54.41213651414668 -92.3944814827226 0.49782479074869945
-80.61249054962857 6.8117944283668805 0.4999338108713141
18.881355329176188 76.47269791008259 0.4913628155056607
-95.96844191996941 -81.84490549922407 0.49895535243779376
-68.83482819270547 -53.94504010937724 0.4965015769412431
-14.723667346958067 -7.53215962145002 0.5277533441042557
5.746154283844064 -57.83111239345895 0.5260924773878145
80.62849375535131 16.96119691011728 0.4987906802708674
18.76418201856424 70.61782697614206 0.5006527283718561
58.0340709711144 93.88047413975397 0.49805400937592037
-29.556128214996207 -13.383879641008377 0.55561737198606
-59.69161498911413 13.433669549178347 0.5219615033812116
16.74348398373462 30.368440890703113 0.39993047383274616
10.21023921290653 77.86197324067058 0.4902676597496441
-89.55866509089583 -58.69599062481403 0.4972243710945698
92.13198486228805 -69.73916304906797 0.4995334928659913
75.37222774408883 23.00054009156227 0.49168882805270714
-12.98366867069798 65.60476182971138 0.503915262629871
-48.576090116549 68.87268766164803 0.4964540015341844
-28.450933279044804 81.42724892323443 0.5067490607992308
-46.95367746557795 59.33662329800623 0.4905040160837953
-81.04585044164972 -71.11403989703027 0.5013513014651032
29.77434517839575 -21.056436009498 0.5717052193389275
81.36040290918913 -97.25422372463042 0.5011032429346634
-14.651064297353372 -70.85128143075008 0.4873613096671138
-38.188987034014744 0.04754043293557686 0.45390427825010926
-61.80852222273552 50.5357134898062 0.5078644319598604
12.371207971744312 24.61468331115124 0.48073718250139574
2.8821781730156886 30.47041820692789 0.5064229691028136
5.363468883600092 -88.83765068822116 0.5030057089868879
-40.18051294595271 85.48605479554266 0.49536428065702576
87.76815518894384 97.20777943601632 0.5005728228735271
-11.969735050243415 94.47024556994305 0.5018512147097093
-26.910758328292587 6.770016177126607 0.42060881095881564
45.341142507373945 1.5806484152194145 0.5498623164559482
-41.229405369770134 87.26876210739533 0.5008050807701668
-84.02664419132097 5.780532428356452 0.49720252363546846
36.12696813089761 -59.169991678053165 0.4864826634188949
98.67780831595536 -47.116841663999054 0.49895576583024054
95.19715389542446 92.75088977022645 0.5005010123213901
-59.575418196243746 56.31118166011029 0.49303189260372243
-54.37164107772134 69.87855059474069 0.4973877575671062
82.06129088185182 47.473115984988056 0.49778000991800403
68.43169682762692 23.134194693548338 0.4870789333106749
-72.42689788881869 -38.23453008020488 0.4923716866509779
78.60154694033093 -51.60970754747562 0.49531701667516675
74.29089629333819 10.488245434664776 0.4916075019929218
89.8216434557244 15.848728325608576 0.49436432039461065
-55.40610285476015 9.106590466922967 0.4797657514115487
-91.2081116574565 -92.16875569955086 0.500245136882715
-17.734962955474032 -79.92191005452283 0.4921391920778059
-60.45863272108649 2.5209028004890257 0.5016326190179117
-44.01067692155725 27.34874271191177 0.5367926732772819
33.378893019645915 -51.65438201452215 0.5194004700468446
88.71236089427671 -61.762762444712216 0.5025994397684324
5.507728383799019 -70.71952816903809 0.5120896234817731
37.806524573060074 -17.903016617366504 0.5263719062441966
-1.6051601772328041 -94.15945114196447 0.4949230524631952
-37.276745763618415 58.79508646850891 0.4921254513060184
-7.995577608958442 18.584196916246924 0.7339461717921715
12.308159858636884 77.44145328223192 0.4905267320824638
86.83508852839873 -58.601197018829644 0.5019745350416522
20.439471882494416 -43.385272737717216 0.5045460376093119
10.461253864235957 28.325791526010818 0.6045075675556293
28.798862158391586 -4.3070970281494425 0.517362299411724
-94.4137685737723 -60.63871109041603 0.5005497260155698
-37.14851458053281 99.01498202862723 0.5017571567765602
86.73014415226166 -1.2178450250324886 0.5053087365076988
33.91625838446245 -17.328319093278452 0.44050766851765244
12.813560827103117 81.36027060025754 0.4983005753187182
-67.71634994972314 22.236312315025387 0.5052026958353857
-21.214416623516257 9.249889140210541 0.6419498988651123
10.812376850953285 -78.87799786529008 0.5050940970992898
57.10645864551151 9.935945167844977 0.5250490670500546
22.856603228665165 54.492003742121 0.4909639860815217
-56.66297362902846 74.89291140147634 0.49593455503496664
71.93845816043932 1.9942810054536437 0.48905392528344316
-75.03984441828963 5.746716259345305 0.4891711375474273
-66.17394522423956 -59.46221058092193 0.5026211633465121
44.5472598130973 56.61191356329883 0.4881841629933739
-82.5491083075213 15.095367011524985 0.5018321242669411
45.46625911985757 57.95047137202488 0.5114184598956724
77.68225202648495 -23.02865076229827 0.4977917428281022
12.25550736484648 -67.71240992787608 0.4874966735861467
28.621734604043212 -45.60125704077373 0.4786527206305856
52.73929628484916 75.04325003075866 0.49812235275548966
42.04576255589282 -63.409741502952485 0.4978339372303
-3.0473215208811695 31.75052970645598 0.42964163899665686
49.30066507111883 -52.45305119570247 0.48879647511780255
-84.54988139985944 30.75235280704365 0.5039126553735643
99.82982489528362 42.39475172753387 0.503035917483101
-71.64475982656225 86.41151359824138 0.5003373914521534
39.869786821423645 73.66546228138142 0.5040649074929199
-89.47955417745356 58.88413050314108 0.4973562079082316
47.483024779474164 18.592793268960264 0.49557741424079177
83.85067460054006 89.51345553089294 0.49812298075926836
8.638317827111635 62.22081762690348 0.4795696237385799
-82.03453961248435 4.14561372930919 0.4949237086176509
6.0879798236555445 88.23909144852823 0.4963614689745415
45.150904884325 86.16012677059933 0.49555370515441866
78.03780223192572 -92.44211112896666 0.5020425608402054
-37.30832732043219 57.23375670359195 0.5003019646628472
-93.25437162661305 -96.824776515813 0.49965489662749313
-82.64497747321857 -70.52254100966312 0.5026483161670855
-35.11927363892194 -98.74651072078117 0.5022307710629761
-58.711090545437905 50.91872377012905 0.5007832727470295
-80.99852091957814 -61.31021742444529 0.5020033826598915
-26.19709717053351 -51.62210050040379 0.5236522725747315
49.30107501407963 59.156301540706295 0.5103811962844744
48.66629427771889 -54.15009957441323 0.49426165048697
60.0520274358953 -7.501361623979292 0.5019787455172231
7.723279002840201 41.44286684916213 0.5565712553863132
3.6656911349738834 -24.424291511876618 0.3755852197616882
63.9626699691195 31.959343247745608 0.4991608726683101
41.65456704452282 59.77374601816575 0.4954330636124012
27.845016072060886 85.45424636165774 0.5047099783870539
77.2891829571953 -99.55870201049133 0.4987149652900122
-48.47243291925114 91.0545313005274 0.49813037247757425
58.724603302835106 -11.193179482318499 0.47649933817038603
49.241255238857065 94.73017502407629 0.49676387888478907
56.77313676340751 -44.63392025114394 0.4870964895651503
-14.711366568306985 70.86808620286621 0.4875360244202486
-18.258636538495935 -52.43699913826898 0.5137618932712374
44.74128096847056 92.31449858626962 0.5021373518993628
-92.0681853502569 12.341094656977674 0.5049035691031453
-26.589863605569604 20.993775781121826 0.4770912794711853
3.0196522769340532 -62.96575864004672 0.4814844071050841
-3.63009322986872 5.557347929481196 0.15197665510226022
56.072337402654654 85.0467902227733 0.503447890155459
19.333094639071604 63.67281316501797 0.4929052815847731
-63.79504784593293 63.81264738571565 0.5010536765848851
-32.8650279924903 -99.99664599414999 0.5034250434255237
30.58893172718166 -6.127231599698419 0.38374629783169534
15.552993146668115 28.98977147396363 0.6135182495065308
-30.528518662178698 79.98277213817778 0.5000367192192919
59.65340540362581 -15.274227542922631 0.5175492042080414
-29.641394456574872 -39.12252168891892 0.5306587886235132
6.991465350380352 53.42748209280154 0.48096011928905436
-87.17495706454295 99.90591244092121 0.4995992311802615
-60.69611861552075 24.73367443374805 0.488403159204391
-94.7049524124181 -37.42203162850568 0.5033123535579029
-60.337323013035096 -96.77696119655744 0.500815038508937
48.75299859793452 -57.786441762815286 0.48985025063204896
81.3779927192434 20.36935692348007 0.502273413771437
35.83242123522251 -8.848133340718348 0.5008990885479483
-22.568593910073176 -29.845507155945782 0.42657572348758144
47.80318995066935 80.70395368320067 0.4967518091421346
11.267768845886422 73.30912272351739 0.5091601599351214
-61.588893833572754 25.787391581923117 0.5003614990298806
18.26339429539388 98.95966082764247 0.49604154975459824
29.382139418039742 -56.277314528446794 0.4948648722561312
40.85397605452627 62.54251264404155 0.49791752469236017
-87.45649788009801 95.2904031363669 0.49923609485931647
63.61454485791975 3.454925604829384 0.5035380249579414
87.2840551773842 85.22329240369976 0.49903881881874246
-35.55078188580441 23.553383670551156 0.556180840161971
10.561363477715375 75.45866017278883 0.5002277641535319
-63.95152086714151 -76.76089396924341 0.4986601073157678
11.933077779850706 -40.00058596831988 0.5153507103830961
15.015791012069428 -29.727800048469376 0.5903922570793776
29.76857523414128 -54.58586206804357 0.49461257186555485
72.04059972635159 -47.18676696387896 0.5060171967999905
41.967251418184276 29.2791429629672 0.5091200381487859
92.81805118061135 16.618539977701644 0.4949114301881218
0.11785877920247856 62.58831954097428 0.4817242571651556
-85.06582945014576 43.95953968877848 0.5047940037831139
60.557493760240334 64.9305249269949 0.5004722332725893
-57.726728753634696 -15.264395004868362 0.47603094144447133
46.28565919296531 -34.31915090501114 0.5145385723323406
-52.2435533009272 21.75866010105119 0.4718073503255711
52.24863519398511 -22.079481650020384 0.47356775342094176
-6.924079557191149 -64.46760782231439 0.5118845826799607
31.19180522457586 -68.91153583290628 0.4902241149352368
28.9060849176891 29.04600612020579 0.4329715014540338
-91.7472700037661 25.603471176338473 0.5020956888257315
60.46635156100763 10.85850466382729 0.5206443578227947
0.3235648018162749 -44.223994918087215 0.44939314237076544
36.9667035151879 -1.705111921075769 0.4836540763190489
-27.40325732626374 -39.59653073578262 0.5213540225493639
-69.6703498718611 -58.45493020643282 0.49448350178720385
-9.736851291536922 68.86730293179161 0.4905876413199732
-8.691118654343484 -97.15231846712113 0.49568149344177165
79.78482892831556 -1.3905371661594046 0.507457468573767
-37.99288764290276 67.92247832662815 0.49856288894216855
46.38454636732453 59.43470881144049 0.4888090733651172
-44.168954030671514 39.350227788111766 0.48814448277933997
-76.49168347280109 74.30225075876345 0.49693250532981054
33.00390972666659 -78.9580370883557 0.4995644878856389
-67.6184173056999 86.32660615518085 0.49756507429736874
-23.314813393997895 49.22430271189734 0.5165637498164656
62.00655633879987 90.21394868044595 0.498333838430296
16.97755104759402 37.68026529995248 0.4617654472499376
-46.21295745206915 -35.15360431597827 0.5260037772683795
6.055480601801506 41.55793191841761 0.5442057696613763
-58.666759045369844 -97.63060356021 0.5000954505351685
-60.11047112060315 76.83957305485853 0.4957350247887764
87.89199476442994 -75.53798647892982 0.49815375038396453
-84.19947618978661 -33.6855466100056 0.4960641157942916
94.08155800633327 -2.714292778956164 0.4950209062129926
72.67024036740511 10.521266498403634 0.5085357463308267
82.28422395455192 38.47431322748656 0.4949970428760213
86.61319439309503 -72.43941566780913 0.4975330894613141
-52.866405623001334 25.09608888911292 0.5177485938428354
-22.985088022840756 -26.708753393454117 0.4791502995139021
-65.38874139241511 4.247069734827022 0.48882335788015885
-32.680924675423 17.988790101579852 0.4384034577866741
63.81692143743879 -65.82528725410478 0.4976984377152712
-6.525463155709943 1.5518768894051647 0.19731091010487128
43.33730558987139 2.4905269448847918 0.47528363273239593
66.89026235666665 -26.39586593348848 0.4899010549001157
31.889641972310216 24.883048189970467 0.44902919174451766
42.79641626226257 40.43522043842228 0.5013792355392963
22.375418062784874 -55.87866063727414 0.4874310315145022
42.20470903835218 -69.2886906169533 0.4960688404028484
85.62820671960282 -27.686839174397605 0.5036812548223697
93.02975241549325 -87.2238581395542 0.5014032129325892
15.502649960347668 81.98156652903143 0.5073703176278275
91.3939304862748 -36.79625553666093 0.502799148147825
90.72178977917946 76.65331912892401 0.4992515832889561
32.067753241402954 -77.12273154816573 0.5067263556180902
-30.017930196047374 -30.733674739356303 0.5280791950262614
-46.250633251112205 58.51465956233886 0.5006201363428919
-88.49360064281235 -81.25916683967462 0.49990083925471795
-71.44246561208192 -87.20838377565374 0.4980058430799194
70.2900462518632 -82.12338789644934 0.5026058586906028
-11.939330548392363 49.565962907278674 0.49482594469305874
20.123441246231465 -32.742796743874834 0.49151039707454086
53.71396396671227 15.265010503080575 0.49543873846677206
11.361141033569226 -63.8985584132437 0.5100046625565796
-80.66581418263974 -38.97472591050906 0.506103432202143
-90.84253112731105 72.57562818395087 0.4976340433285527
-49.542700005361986 57.070447795602064 0.4895830831533537
17.31316859665111 48.088112396013855 0.504505641354218
0.47780504794869216 -49.45845579921717 0.5016262558552138
-77.9578137311747 80.81402690973661 0.5001356304348922
-10.8865511007741 -59.49382407038153 0.5002769345863052
-61.31209543452285 24.376748742075833 0.4825550360336929
-6.9175184896644595 6.405990309985697 0.07830983897856042
21.988131282346984 28.373731341350776 0.585373970787566
63.88931015675968 -90.71041014149633 0.5011523626953309
-86.63223484328 40.30760477260807 0.5041875865734773
-99.72347060919418 -51.18839006956386 0.5011481750271448
30.65826402386466 69.3631881809051 0.49298198333585913
6.232670820233309 15.620044796902533 0.6835096824967798
-88.85124123296116 70.59662736099037 0.4981393395167773
-80.90955829353321 -22.91496971398996 0.49916777128798795
-92.50292687184094 -57.443807355339075 0.5016191451764089
-15.14240660407799 -97.5565975142325 0.5038584448332597
-68.97863321688 61.481144218287824 0.504681115275566
45.19018623381544 39.34324094801457 0.47866595066876977
9.884159381952614 8.87056883600168 0.4489958607794341
52.396002156648024 -42.72659042067741 0.5159782070916544
-14.729547171421359 -15.576864420051308 0.3947606231688603
-15.626403865522747 20.64194971107065 0.4897978096715894
27.264661826500273 -70.47408707840042 0.4895014612412577
59.05739230206518 -93.82509715606795 0.5006909465704169
-43.23419896725995 -74.43877387382922 0.5057486718957392
6.232247123537277 -97.52673949240791 0.49648630197173826
-97.25815693766282 -44.65626884513028 0.4970459800940515
-87.41750997706923 92.66562251001659 0.501601520080486
18.335722495418565 -22.291498110532373 0.44312828490703576
-97.88554661831724 -76.52774655774832 0.5017597694532024
-39.94010923507516 -62.897763639483784 0.5024399445440707
-61.54077448143014 76.24308762963153 0.49831833909322576
-40.574608556436374 56.62103177426337 0.4931960035042633
63.15290366655623 91.14113226679677 0.5007907525406685
55.10381402750846 51.75636092693679 0.48979057189716535
83.4256499368098 19.998270054939766 0.5025297474730561
67.13572996407026 51.020176315726616 0.4959007763667055
35.03244768550462 32.31268410687923 0.47757881911905703
32.529346240124966 -7.200829915110944 0.5887074223068234
-94.38972531498801 -72.32234903944972 0.4987100656621207
-39.06389172025091 -72.53526242754569 0.4986633023841582
-73.63492959306711 -1.9679691245139281 0.5114457079828748
-8.062546957821809 -31.694319558819203 0.5985378845400315
-57.923887511903004 45.89182906183967 0.5118501784512844
23.283950032048878 -59.6938140950171 0.5151883454591946
8.566123124444474 24.118269021909143 0.38987874150924695
-85.29289930924296 -53.75111888995809 0.49662692706909556
-22.916813543203034 -27.71620403639372 0.589942936433287
20.5774241280523 -17.892208490713173 0.5702376022443644
22.964918846355857 27.609367575660727 0.5865781713017868
-78.56764467157248 52.850261309633254 0.4968027128826709
30.21051197381925 49.832916638763095 0.5246291762645278
-28.0245610875874 -25.551842502411645 0.42430398117255474
49.282158894230605 36.110475565998456 0.5211148837324114
-54.60177949914551 88.62116262366914 0.4976123798013799
-54.45535116609166 38.65417546195144 0.5007000715709177
51.94789296354509 -64.96719909572582 0.5078950412058572
-30.6772426857016 59.420356301108654 0.503748920754857
-8.920191879639106 77.71398463428437 0.49203483479971305
27.003909477822504 -73.83659516163925 0.4904273974877341
-26.27328098644439 14.33218400915844 0.6372181570976488
-55.00293339537603 -46.30741218131609 0.4900559820111274
44.4563179626048 -10.692743694553641 0.549308967741727
23.665141772646805 -90.3756325395575 0.5004192863747349
98.58430524655125 86.28625763890699 0.500445940161582
71.0054812750902 -8.441628623543053 0.49908318248192407
-98.92432774607052 27.114340137137233 0.5022143817713951
-12.483517001009176 -56.84144765406573 0.525677491514573
-67.76857800156009 36.297850968841345 0.5102954610284068
95.86078479311792 -82.18052173665642 0.49937405971134285
28.743290484359676 -93.87099846828582 0.499984498280081
-97.31226576974889 40.38885482082014 0.5033204829451619
-53.871607338165276 40.26987538604388 0.5137969565706604
6.982186484852008 6.214830105898315 0.08217135367281964
-96.93118381721948 22.53473724057386 0.5018625484951229
-74.49618010613031 -30.161022760111635 0.5078019468508985
42.42928475311521 -90.38706685311905 0.4991367215732041
42.7524389145795 5.614107087920004 0.5094322535260304
-13.407893603240268 97.33171121662633 0.5006679532039668
77.60144110843851 -61.23987183299451 0.5042137512991983
47.076205229501056 -91.68301739905237 0.4987260723604432
38.52417306558354 -2.5547277751471995 0.5198286558148725
-18.474226271748634 -69.32449014236343 0.4931374532437839
29.028860033277198 61.862223006311865 0.49984757392151297
-44.680019703836834 -30.58096385007157 0.4968252984470077
-8.150502914808385 61.16019959891568 0.5137921413654661
-76.16668663206434 8.720383520069163 0.5086675264359063
95.59470092606733 -0.702512009612704 0.5043953354756724
-86.30592263770802 94.20146201775634 0.5008275288702281
-18.81252626377578 -43.64577433157542 0.467444767806494
-7.689027195618394 -77.05319667767697 0.5060761904572446
-13.888653698214 -36.39728399754094 0.5639433759499037
28.890911661240892 23.48836003259865 0.44749443371063163
-0.15785543483484332 -15.390697439270667 0.2364864707481264
-66.84897173851084 6.237167367812106 0.5113665583091369
-52.135243383807705 27.827798060487694 0.4907068104519682
-54.47348611269125 54.14300677350539 0.5099373121492639
-17.34792260746714 67.73393377986912 0.5005701369066432
72.98653811165187 66.19785541686181 0.502877706636223
26.040546158417527 -37.25418415063577 0.5521298947372844
-57.84245091040114 94.8297349968 0.5017554558707324
-19.916062401564844 46.01458001550762 0.4607822508222925
-16.31658083131056 15.700277957256787 0.44255626486536015
-5.9356366052872005 -96.7127722790021 0.49745504664728274
54.3404022526353 -32.998883836506735 0.49834755443456547
-98.24624826266435 34.884994258768614 0.498604336362664
41.051545983576176 -95.93802393583437 0.49925583213831987
86.88091803109714 -15.786797428023718 0.4949682048646373
63.620221419914486 -6.89857627336643 0.5131537354988369
57.569026819213974 -58.610486811944625 0.495132746848545
81.37541270527214 -46.30566601334707 0.49829672016942206
11.659733917768662 12.768542561992803 0.7962289979521494
81.82939850033279 -73.64900874263635 0.49720242878073956
28.186392521879498 -30.23817365753547 0.46285921059855634
21.71614996881779 99.75549826799784 0.5038312781855031
-66.62757919217582 47.318256174130255 0.49154503427947593
90.1878233684119 53.61972380461086 0.5027810789676267
60.832696938996435 -93.99053698859238 0.5017701695753075
-56.83576304119471 -9.814092517812114 0.5169108709219015
-52.3954599465138 43.08714929140339 0.5132889115949247
-65.77689508896513 -86.82591181826784 0.5014067812086381
74.31652114238514 70.65526409983644 0.5023940899893551
-97.83417732758517 -22.507037180894528 0.49608733749523737
97.6192421266486 -28.823976354264275 0.5031258575445207
-52.221394431284885 -53.8111027153241 0.49228132050714213
-53.14345899570889 -64.5474287395356 0.505912137570266
82.02198442858074 96.63786787503014 0.5009820860822513
30.976237318106257 -26.150939407139745 0.4410921936854782
-18.438472548518476 -37.20242460735672 0.4859463217977954
-57.289244742289426 42.102932472233505 0.5092912357430533
54.51322650768344 -76.4267693958098 0.49617639535616914
-13.73959806807592 -42.66806416892439 0.5063868392955787
7.4252443077038635 -30.96921180044025 0.4197790651931744
-98.58627672633433 -24.478313177576098 0.5019620865327477
56.439583318199425 -46.776048965000626 0.5061507442760624
-4.987626241123294 6.375943269240111 0.8902093549767667
-9.586611107259287 -9.011637984194422 0.3621803754067203
57.574863008265794 -68.5103356557317 0.5061362237751628
60.84968783073032 -57.496590410035076 0.5046627129489317
-51.59442078740888 -41.99698363829383 0.49237837865017314
-37.925646561034476 -94.99795927617625 0.5035424694125005
-9.038722264757041 30.836603405786235 0.48375594195444577
-67.8507897798274 86.17942248466775 0.4974790136285479
-55.692993352706544 -45.27334258591236 0.49249722834227516
63.92580352333951 -28.022524637644295 0.4970515641249224
-27.094716245082594 20.75462660855456 0.42994429692580505
-37.67051088636144 28.6258202433026 0.4556899401717035
-62.57248011422438 -53.315316402820656 0.49586139528912654
55.58296175665831 -68.9751008364749 0.4979115057439091
22.07060309703553 10.26975656139777 0.5017303780384634
-14.970584240825318 2.2038211467931177 0.36539972332884874
-90.62779009456577 -43.341921860724185 0.49597853085204624
74.99117371482967 40.920268686389164 0.4974526540512348
45.08175120338896 87.35762159931312 0.5011256375588762
57.60866425913267 1.5032892074844995 0.5148636920456104
41.019423511778854 -86.59909310912441 0.5048226878361952
87.49426374787589 68.78622976998571 0.5024986334369833
-72.22619575685643 -72.06080696148564 0.5037974487016325
-62.197676526066715 63.866078566219926 0.5044659300192506
-36.28532633236241 89.40970513218832 0.5010438120466506
-89.98776291778177 -80.74332901177755 0.502040042278864
0.19015366570212677 -62.679133336306904 0.48036635347603324
83.1390684640833 -2.5261704022555307 0.5078851863581033
-27.853042027315027 -6.924251953122521 0.40112147369569773
77.36272606104771 -39.56070931736575 0.5037279401495071
43.82652812170329 -40.93926645059347 0.4800267659919932
-42.71005004403827 60.781360145242616 0.5071413478920366
54.39420213902872 -23.257777588065665 0.48803040639183215
-49.73061645672854 69.84263915876693 0.5018475647455093
-46.44876020606008 -41.01792707682412 0.5033610775432006
80.72817444877927 16.788052927576985 0.49981086136917396
60.90506692116554 26.50850437324661 0.4893999503449234
-44.95671787920568 89.53675504064682 0.4968164845998821
-30.527569346146265 8.212210819899852 0.38449855030634317
70.32883065439756 25.761766163969753 0.49380770116230543
73.51910938261724 -59.284368520112274 0.4953055542059042
-70.0489505446465 42.96388690370665 0.4954177290418281
-71.38379672162658 -80.50070637333555 0.49995144280763815
19.267650083949434 34.558956380469255 0.5629261657653171
50.29853341185975 -94.55524725897821 0.4972998649202167
5.653874155139675 28.809091028723344 0.5811770208917983
-5.051502985607883 -54.281388164640745 0.5191018880779844
-84.43618568403748 26.778618794018442 0.49787953204214896
1.7484321455166736 45.37984912795821 0.5512512243005318
-50.46256531301068 -79.99550521078646 0.4960330207965198
-45.21732352686718 12.411288007115445 0.45639258095689483
-74.02346935087675 19.453448489056797 0.5069034726075458
79.23889057159775 -0.44710332118536655 0.49840229042048984
59.3603760404572 -44.953525948645634 0.5034856353419225
-10.791494607866042 -12.93507350045779 0.6964586893695722
-41.9241449011428 -78.18722796687987 0.49959322778364107
-6.2905900284671645 -18.59129030535462 0.49570175993229226
78.41372116364059 38.92177965452791 0.4955786543313794
-69.9814404592009 87.07122468766082 0.5025717813022971
94.8358241857299 -32.93616084412932 0.49608175763435886
60.86840254326222 82.4521973111257 0.5027180055589553
10.911718115406543 95.18911472091688 0.5048243570532928
-53.51937849507511 -53.83379504613688 0.49431980994984226
62.3240660675356 46.87217278776416 0.4956053989445457
40.55153124464101 46.428244010673865 0.515635318608064
-10.189441973001664 -74.4260345256748 0.49037561590157763
-65.83386530569382 -15.092270448244392 0.5161629937574918
-22.46838971150369 44.14617885105139 0.4954075427579855
18.496578919408435 -41.45372313166642 0.5506704322419896
-91.92014728773539 -70.79410749135602 0.4978304627816783
94.60138527961408 -28.39409107549733 0.5040154272702394
14.053190869034609 -95.8799607491034 0.49738187625811586
-14.225471863711547 -69.83467667006175 0.5053283262080154
66.42016138965437 -92.14061167459508 0.49854838498167986
11.731930202083788 83.87267986475658 0.49277976475752133
-14.174229119947086 -80.81249867539185 0.4937640381569392
-21.879111335970208 -12.262690538767558 0.31259379473636784
-22.823955498787996 84.61141513009565 0.49474796615606464
-41.40838212895073 96.78453023254582 0.5034202229504825
-65.7339627976836 -12.820726352459147 0.5068887834606464
77.94535385682394 -34.43258725504808 0.4947809616152149
49.529858367194805 95.25162225060754 0.49852860536392735
-7.330497450505604 -87.83411738332009 0.49389077661292297
-95.60724954394261 2.2555294677507334 0.5045295573623336
26.531745213031073 -47.1278104579038 0.49294642853723036
-79.94410135254535 26.645973562060348 0.4966145577651252
25.74488791051961 64.23598979359448 0.48531104023011495
-41.283173689339804 16.591250880389595 0.47052998360723347
-13.732159293292838 -64.74725645120037 0.48428841054222177
-23.983180997734266 -30.080614634466585 0.4978428175980714
63.665519944080955 -34.124884640938006 0.4870799082658951
-17.212932507365338 26.065337343271565 0.38011043710420955
69.84589689824918 -59.53024348250722 0.4986776991128579
-94.60889339036014 44.10086788992817 0.4994695652406043
-8.242602623213543 81.78966910580692 0.4958305843554959
-1.8295426982903251 70.36032169449476 0.5116134705755474
-97.89654651755819 1.7796688845618007 0.4977675721962384
28.053448439860603 -15.099296108831112 0.4220877433825884
-63.03053707589794 -91.24021081490588 0.5008545884261072
64.00873581682063 -2.3099550782349922 0.5146329807345168
-96.34767803628397 51.38926961614061 0.499847403619724
-23.132536040539776 -82.62192452228257 0.5026628218418742
-15.076213206968191 75.67418889089353 0.5095842636254604
-42.30182297650873 -65.34907149052462 0.4981797307191806
48.675599470092436 -3.791852090378356 0.5422388251722319
-54.96993412899842 -54.03546553621936 0.510116233948565
87.35140845322607 35.238071790450476 0.4949022529001307
33.14935547965766 -78.21779903977449 0.49284098343399907
77.07487405546664 -55.78548795318399 0.5010966414127407
12.446544678026882 53.985115445865205 0.5199970018596306
86.6900149160318 31.8742404501574 0.5044610659766929
14.182749777800012 19.168962915295666 0.6714373457884031
-69.64224625139309 59.09570431643334 0.4948680313977737
-63.59210854775037 80.71886957338347 0.5009458306824528
-21.30262285849834 15.331857393684373 0.6069648765229649
8.577905733258135 92.93742018317798 0.5013624541061646
-14.66737604523425 91.52913208257294 0.5054292848258574
-38.076724001586456 -8.826787970861048 0.5730434454688468
53.39852432806887 19.88284810175918 0.4819712363565834
11.152076152323161 -71.46651785971207 0.4872689544950883
-27.206766354480365 59.711716940588246 0.48654486788718654
-20.848793272587812 -27.78774739078385 0.4040562385170678
0.8415019335010356 48.9710210151182 0.536505549543245
8.405817845426625 27.792819775031873 0.49306360511209657
-10.747463211620214 18.68147637706457 0.351018696290023
-85.42127780066471 50.43421758806832 0.5037792876329102
63.84693501282601 -94.9386759765735 0.5021918285838559
57.6815808901643 49.42968401866176 0.49535223109753695
-58.039270801855935 -45.21494763018463 0.5106143804120249
96.8018854864566 -78.64236908212465 0.5005659354821156
-97.34983317715474 -37.913687145212016 0.5001002337351382
-11.673121825241068 26.245416854654195 0.4066761862542321
73.91694514493159 5.327140362715625 0.5100355843567423
86.74511900708546 -52.53354855719945 0.500750102165004
83.71484853568487 -22.515184358084397 0.5057228989630054
-34.37294945688929 -46.8706265071045 0.5260815259981496
-87.12382063487587 -78.7173985603328 0.5016201252668265
-53.67891256956996 27.282506712951943 0.48833395751278386
-80.01782970520406 -40.997832506297826 0.5044430855199102
4.6421405019031 96.38525937600087 0.5009985531772561
-35.12121472634084 33.075727588609226 0.5280366194706171
-46.40259357512926 76.49191403111445 0.5061082303750571
-72.16446257509506 17.186136738901723 0.5089620158618612
-87.04338078081251 68.26239985162903 0.4993033085592611
-4.507754808234353 96.62574436820512 0.4988299606003941
17.871104310695912 65.45984766010972 0.512932964039906
73.48731207083793 76.48925846509945 0.4997208898220915
-75.40449585886893 -60.57007125858775 0.4989362985846374
79.7213150701287 -20.311184073539536 0.4967922585225076
-97.30439332322808 61.10858998272667 0.502213209933972
20.099431313660915 96.98289576699227 0.5042193479446849
13.80383936425828 73.32823178872064 0.49992203737928587
39.23578778488658 51.86065387534214 0.5056649144445888
80.42987845519758 28.646986536536247 0.4967807731397431
-82.17288337261866 -42.79025396912337 0.5054341092975102
-32.76012684788827 71.20499888093852 0.49069955036766266
38.44242354051744 88.34047200981746 0.502362929150291
51.6323155403272 -22.501884056790473 0.4741639829224132
-9.345379816632999 -69.68156667345013 0.5102542681419583
50.52804896075901 -4.1464695891626775 0.4745519063134714
62.21618573068022 -55.995733987039806 0.5048254351449322
-83.93443501111582 40.536108092640376 0.5025730927329846
-72.73610688066732 -86.78173142605894 0.4974778252465557
74.0555657490531 5.082373945550273 0.5081800130468084
-16.296349059218485 7.363574649679691 0.6018693047721321
32.72192592356595 58.37661187644744 0.5053397483010955
-42.65905395271945 83.67610945885679 0.49587364958398983
71.72218960892116 -42.34703541434621 0.5079127955728588
23.43265467006917 -35.63564464997651 0.5559190268552165
71.90108923882076 -14.179167040914976 0.5057719904676988
-70.83682608409848 82.74084433230254 0.5014422139671924
-50.47403041431953 59.44028534185887 0.49566392020940553
61.784030347273784 1.530083135269038 0.5100725654386296
-8.579677491670594 32.361610836648765 0.5613815305142883
-51.027265167962966 4.108069143294713 0.5106491758827341
-21.04548351842645 -77.29341036817321 0.5090882979175712
-80.78598173310766 83.14536610008219 0.4980481279743431
83.78948325266552 -96.27467770247662 0.5011754139946419
-98.2666676211162 -96.43202293657822 0.49943315968917684
-34.76322925423557 -16.485658778299623 0.4983135680805087
-89.94671076739647 81.42673339250183 0.5014729139871684
-31.261349025053377 7.263698538000881 0.4741874986807503
21.45396628361391 27.17031282102353 0.3973427178390838
9.379527212907803 -67.97009742900974 0.49172955959182957
6.247534176949188 -30.342545915168046 0.4164209318287616
-66.68957054458997 21.78225085869485 0.5069920069242736
47.13628074222507 -51.352010315767686 0.4944640684829783
-39.52444114997189 -60.688122510478884 0.4878916141778329
-55.772873222043586 -80.397804741727 0.49728817184511587
35.86112276320762 -1.7562554677934799 0.5859857304287283
54.26908653725383 55.51168808846623 0.502460537004114
2.742798022436375 -45.73109190877942 0.5451760977415421
-40.62260833837947 -79.64309423075169 0.5059724973118032
-56.70643180567234 98.82907673878373 0.5003030034499159
-14.607689368532519 -80.1361218000455 0.49227529115511315
-77.22692221187309 -97.09575827577464 0.5018575536976857
-17.294890209431514 -38.680297575774446 0.5637784957595474
-45.430542502228356 -77.08589130266925 0.5061226822735739
90.73841783196505 72.22088041265741 0.4979403904508006
-40.34511287664715 -32.368343169888774 0.5360939254973696
-59.78812519441723 74.4269541464638 0.503729984583425
86.01372005612893 -95.83512390790607 0.49838585201158325
-46.64655666008297 77.18280602500926 0.5016238037464732
48.32084178970189 -91.0900510883168 0.49838678588062435
-16.150573679466078 55.992944294687135 0.5246208863166454
18.70009744390744 -22.374399971771624 0.5290999906930345
5.200197885690898 -42.02016026639619 0.5634662944505489
-74.75522366129383 94.68662171460326 0.5016778296940523
-24.53923688442228 73.18860003124396 0.5093074525208974
90.1155916242277 29.056551501316278 0.49676440848026593
-96.12549612521464 -10.012279626172344 0.49961187755700687
-27.12644889893423 -55.033695593431055 0.5216300759559022
-23.796964956185903 20.278154374944492 0.37792152481704866
-85.47972691799362 85.48728485782271 0.5020362148528351
75.54372906763538 85.84385474960177 0.5020310461489307
19.034616296007712 -6.329063405097713 0.6907697186610886
11.715370228265655 61.67835789233345 0.47962869922233425
84.50061289765398 3.9286672308745096 0.49327190265448445
-59.620260102116475 -64.84616291520142 0.4936830557011673
95.27521641032607 -78.06081325789481 0.4994808676355448
-90.81853061858953 -71.3099977145209 0.4999240499518281
-45.495187229050636 44.87543444829382 0.5104708262305827
-17.288417824801655 -59.59445159322825 0.499785764279704
-1.01668974183886 -20.43683999639792 0.7475559994183719
13.624369697871003 -89.59906589516567 0.4965948958329115
64.95150594525904 14.157150803535231 0.49088807949519236
-73.2245514689225 -5.572373032689427 0.5086775904949534
40.87178360145168 -61.691844591001676 0.5111965518071374
-94.38827264163159 -93.10977362875448 0.4995772646611023
-8.444715050570622 -72.76784084609659 0.5051240505185435
-82.95098029363601 -19.4983273478597 0.49477903048644445
97.71133298951793 -90.83538271379217 0.5013829665548641
-90.80862626766326 -42.441149194696436 0.4965910508940404
41.16399329044526 -60.394268111557615 0.501155970023669
-57.4522566706799 -24.76942542212757 0.48219124174180633
-26.280966197523156 -97.928625235734 0.5006061734959751
6.890235642931231 -87.97255740312933 0.4944950186472673
59.909739558306086 78.06483963764569 0.501936782424199
77.87668921521379 45.617863140496354 0.5007971796126925
-19.952646833942154 57.94439157089715 0.5220857820577665
38.625840400298785 21.212983814694496 0.44306734896820255
11.88916829919063 -98.17057224307715 0.5042586675498438
-36.9003214917859 -59.09366253066679 0.4934704142116188
74.32695151387503 -17.54310993246358 0.5038851363459468
-20.634660143833756 46.52833234915471 0.4883759926711234
-43.91667953377869 -50.74123467622893 0.5105882974023926
-80.5261997445373 2.2738180419118663 0.5055730076617411
-93.97631531749937 39.74308563894297 0.5038052998323601
-85.75049377109781 9.678201075144656 0.5068712795163729
55.139550374563726 -3.5134371160143303 0.5260003999926677
74.17384346103916 -43.52321218511701 0.5050060809201949
23.001747711474934 -87.66004938651928 0.49660805531519614
1.515387612708679 -98.20314085159563 0.5003530859692734
-21.253876656489794 -76.91881231379791 0.5075017860228673
-9.915736582926968 18.6693520632994 0.5316879264002649
13.640306645691624 -86.35491486041707 0.4968339750446467
-86.38992251526349 32.78670663431578 0.5046872590223949
77.85695781227057 18.230199217536637 0.5087486229545989
66.04840617134715 49.527761310561175 0.5014425640495513
21.8119685263042 -65.11495534755387 0.49034183553222827
71.75523747448673 36.706800858521376 0.504979721877517
-57.757689037224644 22.795899152179373 0.4980072401517297
21.55751964025916 -42.55467007818115 0.48136008270531316
-85.63541532447006 60.09723462922588 0.5011081977327236
-47.80397986528655 49.48094247947367 0.48769216701485096
8.69452093744789 10.323881190620199 0.6026723143698066
76.28304467590524 74.89947807697078 0.4968185992443133
35.5380702466872 -68.38934462554036 0.5101627084086685
-69.10587517301133 84.2658841733018 0.5011276726538204
14.536346717236498 -37.18515182746127 0.5190828603207491
66.21729548321233 -74.11228768641276 0.5027906537304557
93.61349390616226 -8.889994006620228 0.49530049177498403
-89.14763626701836 -52.991019407588965 0.4963908332225645
91.25534899546659 -26.121412361098393 0.49888317338319527
2.5799939913911487 -18.629950738462114 0.22811509840992777
-26.76964248423235 -96.1931791411329 0.49914988736554666
-39.77924224713949 -25.984263622495376 0.46650375434075375
90.51984043675833 67.58206040221575 0.4974510859947154
-49.58027129725744 75.90445071866151 0.4962856998810676
-25.731529029539303 -14.200970048808642 0.5883400982744834
91.82035991119889 25.08968932771974 0.5014912775274953
-7.1445827605884205 17.994711492755357 0.3622859314743617
-31.37768358734705 42.127084927256504 0.5065506190484439
-37.82396770252099 -29.924258093729648 0.5270278045845372
55.10764631973947 -37.657929101052275 0.49955427215606213
-77.6860895264381 -67.19111852151505 0.5012856881086624
92.22879239840236 61.54519027230907 0.5007654945516518
-4.670479280856313 73.34785828151675 0.5096229728440305
-14.584722723830552 82.52423441282914 0.5035107531499368
4.851313159462279 -0.05643789096350815 0.9588770411014993
-54.66055162226975 -96.6188582850015 0.5014374952914411
-28.68624977342094 67.01208453976054 0.4963378942928692
77.17681311854636 -66.55462602155085 0.5035786027544858
-0.4586493466782713 -79.02164622367806 0.4945857550120854
-77.15583726895711 -45.0965471441493 0.505849250544373
-34.63739236247673 80.52673388291333 0.4945616022379046
93.96374767962533 60.011796145954065 0.5027655292354144
-13.031320197715218 -87.21081359482224 0.49409534959752405
77.82585465403096 87.64923942274157 0.500854683477308
62.60591049518129 -28.96095689796185 0.48546718746985523
67.07368574903566 -11.57380432002833 0.5079590784688293
11.227625692472671 -59.47671693223171 0.5023647319904547
1.14683750867259 11.572510993433156 0.6159670155276465
53.24910175948162 -38.29475514280401 0.48720974673096584
-6.789870773319407 1.7313000563586627 0.4442965603160997
6.668093693335379 -37.82651211254746 0.4878431374992366
45.20321248222348 43.01568361173068 0.48645732877999454
-72.48331771933485 98.78639321242233 0.4980499976823503
-19.745270073744052 22.6666876332674 0.6253302526424751
-53.97224287690949 31.698359652958402 0.4816545676440195
-64.53685131085471 24.139333439111695 0.48619770341579976
41.133246873656276 -7.945547798516969 0.5335868228648828
65.08577906548004 -40.48444161988698 0.5084909038425806
29.018263745742104 9.086745753038628 0.5581826649093038
96.1578905948113 7.4218183856888515 0.5014829164769857
34.91877110295596 8.837176730253631 0.592502881420697
-55.50919604664002 -93.08673283904008 0.5030773697507029
-22.560863553166783 -70.33670445247202 0.5119588570774939
-57.81608668680063 31.212033748516973 0.4848368760530824
-66.11451675743068 -70.83963546725995 0.4974239141428199
-96.86240007013696 0.24510310273461755 0.4977054137780973
59.244909588598375 -1.752858536158186 0.4835934987261658
87.4488985938955 -7.749422272311961 0.49379611575705745
86.03146230345254 85.24012421103123 0.5019370155357781
15.39978876441836 -6.052640765244632 0.5327126310553946
-90.93527444477003 -0.42497369297478826 0.4945135713586721
-84.72410487456985 2.1941676612774046 0.4926070809057208
98.25041204669819 -85.00025528532231 0.5009476440465639
-76.33022206394833 12.99840981684919 0.5061893428917192
-23.652947329470962 -22.68662433149285 0.6058765136788276
-39.548609200406084 69.18302600556544 0.5061587964985079
94.70807246271346 -68.03000567301345 0.4982680555210211
-88.57807166550546 -9.48508843235436 0.5038831230418038
61.589903077508836 32.38382981379729 0.4913511814409349
-60.52181227182778 -31.544720386505503 0.502500629372881
-19.98491265712093 -31.93302138273934 0.41469449970585837
79.42006342484373 39.192236808373536 0.49767603436015345
49.121729124340106 -5.142944145889629 0.5075555725472238
6.463720489826599 -74.84999654276388 0.49028170603064736
63.60657858194921 70.58906814385486 0.4998592069689877
20.333775952418677 4.818815570553966 0.640268597928139
-5.906100248951802 -43.22411977637381 0.4551320594719133
-62.92170931361323 -81.84217091243482 0.49764685460406954
42.24743961463781 31.55689347394315 0.49233125388709226
99.02809631720311 49.58125695575967 0.5000324475579797
54.53857924018425 -17.284608515759132 0.49338209327763355
12.873899431209907 -25.491476332843803 0.3720563344828006
-38.74016247768084 25.93576814411081 0.47346494320588434
-5.519635854116217 -80.18053582519325 0.5078009933558817
-41.396554892108405 -33.35493527673161 0.4698595839986277
-54.580462772339544 -65.89937184979205 0.4994064508559398
44.87126394541235 -47.358958056795665 0.4981109637995493
77.76330303755987 -22.257483287682717 0.5001779273728656
-50.39884191935939 -45.28812178607482 0.5145640845927725
80.83787780808439 -11.218659477082 0.49156044150156675
-41.92661490084111 63.30264379792533 0.49465532664696
-79.10021475322372 70.45367587782363 0.5006755556747182
-66.80759361957172 -61.499707867791486 0.4951830264523902
22.052526095750906 -57.21251220144337 0.5219409798318786
6.416612250922469 -39.62444639769696 0.48754843119555014
99.90958888008984 7.08989624861627 0.49696698793138444
-12.424048769908481 -24.065249484887843 0.6207098988703746
71.58275807956008 -14.295423569512053 0.49885816299321106
-84.50450655799065 -7.6322506928478475 0.4925722592781051
-26.99506288442437 32.7694342812259 0.5633989927030172
-41.36079401001249 -19.037415952514152 0.5528943419534866
70.84544207416272 -32.59486018237851 0.495581372545625
-72.39285174261836 43.01867112587891 0.49741804316835486
39.61571116917867 -99.50029488357937 0.4972845057042844
82.89251024019038 -1.9527882136749213 0.5063025571812544
-80.72230901742131 54.85620660156175 0.49587244627998667
23.854050274798368 59.83266431305822 0.5188558880705122
-52.9745107903995 -17.462613719313723 0.49909873247073233
21.55592338011462 -40.50291839775164 0.5410454330101118
55.36188669015053 97.50220887749919 0.5010003700230606
56.92600233837183 -20.932890909071006 0.5079215535038559
-76.9581517076225 -48.862620134897085 0.49426469090983316
12.802672271480176 39.80192907536474 0.5238435394916688
-44.767065914315474 28.246138298872324 0.47981009869878255
76.22714581096136 -56.62694768059418 0.49926229547365286
-5.484196803751942 32.18072856863651 0.5908138427559871
28.295962253726117 1.5287352938646848 0.34740711738431895
-45.68332805065349 9.961597116082018 0.46343517827738645
-91.42940624577491 -75.58052104022887 0.4998711286696316
-79.19146170674638 -67.1561674687965 0.49658092400362214
-66.78566704700924 8.314204223137466 0.5144590750464206
99.37608615005877 -62.8496050542509 0.5020442008385392
89.8899499632731 39.816351881474304 0.5012040019020448
49.103558919266476 6.3490625844091255 0.49729564494788064
-28.939272787268294 -2.1714022725084874 0.4884873785251848
-1.7450918294745321 35.630323689167 0.5593759199242189
16.772290304546303 -84.99807611614148 0.50610869821438
86.08511563598967 82.35878942464433 0.4980859707218888
-0.7357466589560886 -97.85561313529483 0.497356493851948
-52.72322465151371 -93.9687962231646 0.5009266888552779
71.82654189025723 -62.539533084967516 0.5019622430014399
91.06198216978038 -53.52329006761396 0.5024359332198068
-78.87526216793134 32.718314325206194 0.49694999744366763
63.75956296553957 -27.985020325470174 0.49249253590245445
5.311075061852975 -63.25926285767957 0.494712383711474
43.901331960069115 44.876853116902396 0.4796340410636778
87.21455179302166 8.572931650963582 0.4947547955605267
94.2794260601197 -24.88197919911599 0.4955974266369814
16.42672422132732 74.81508794893895 0.5078040663064368
-14.187189553525513 -81.12362028375114 0.4981665338262437
-34.89603620454329 4.659450757918108 0.472988205630896
45.39764638851727 82.41971098202163 0.4950877997214704
60.23253534836988 77.38309587931428 0.49900547011653523
-90.15264697906314 -77.99634737667523 0.49796401301706605
56.51707868279752 -40.76698002787489 0.49393484438768476
-76.082406246831 -50.22587561785436 0.4942735490461432
85.41844931895633 73.66415628644788 0.4978155352609827
97.40340873990564 2.826064704737945 0.49548834506468414
90.12433475684864 -53.66084219320033 0.5026391566626617
82.5316595765666 -86.00046383875355 0.4979844442481975
-86.96613722058468 9.343737733099218 0.49636672545209987
52.538409092607196 -31.23313965599199 0.5214265915882497
16.96046866769521 -52.715783655510215 0.5211027462898283
-64.57041943283454 -6.996263795570101 0.5084695716139365
-47.06752585525644 98.3675863273875 0.5007270293085443
67.16121189423575 52.041061419244016 0.4928909376361853
12.163209654096903 15.146846835993742 0.39305144957057253
59.34923946212234 -94.56101867824533 0.5026838798475151
-58.00294787604861 -54.04129964597622 0.4990882939460167
98.37162696593035 26.338546461318984 0.5033360674108013
34.75101052646471 -2.9914763862991975 0.4186191142318857
-43.539620072314754 -14.37991418673738 0.5428893169771098
-26.964218275406296 31.65942420883158 0.4946109813687719
78.70987103174295 52.274938363078775 0.4954997044623109
61.68582835927009 86.32790923092372 0.4995137714621834
70.38243918035693 -82.56203414216003 0.5029980284062471
-76.30338703775503 34.41244125775046 0.5048219370850303
