68.86553690240572 -63.39114990646515 -1.0
-51.65159626197637 83.35049158469204 -1.0
49.4413300240752 -16.146423045704708 1.0
11.619423420500866 16.87958010923454 1.0
26.658113869071045 -38.58556505419413 -1.0
38.42795790979446 -34.944513802482334 1.0
-70.32599135784683 -61.46084476075089 1.0
43.45967553271356 -60.93838440052621 -1.0
-71.6835916954544 -60.74479631233511 -1.0
40.64851984755563 71.94251758246565 1.0
-43.84200193235872 -82.43810730333007 1.0
-2.9417306360045785 -10.438560197505979 1.0
-97.03277703976909 85.6465510076761 -1.0
-66.71378905758401 -50.96239816531156 1.0
76.82925524457369 -43.9286373352193 -1.0
-82.755968771639 -99.2212330884249 -1.0
8.033256613390023 -10.902581424356825 1.0
-64.5910947356009 -25.77542416308063 -1.0
-44.12262879810345 -94.21462775277666 -1.0
45.97300410720669 -12.376203315030352 -1.0
66.3031176489583 -71.55876698212688 -1.0
-28.05912648426701 78.30481060551313 1.0
31.647294105846072 -16.82470522726915 1.0
-98.39950746008388 -72.92500658452852 -1.0
-96.64969875531845 47.56778128628767 1.0
-95.36446146858462 86.26560967492222 -1.0
-84.38567002420248 -57.273797058270645 1.0
57.42261302413766 69.9308290898305 -1.0
-30.882883428661074 12.671927803864207 1.0
74.01322249740656 98.32023234709851 -1.0
66.83258815030689 -94.0968385008569 1.0
85.78402594770907 -48.3205656071894 1.0
71.88411658942661 46.8296859593583 1.0
-51.011714582692136 23.0835208285918 -1.0
-58.56437215462351 -33.47323901216099 1.0
78.46978798866073 16.92104099632803 1.0
-95.50773018526833 11.906776810451959 1.0
-84.60427780093946 29.09702290016952 1.0
-23.050961440962837 70.33651417670893 1.0
-73.91545781084119 -98.23471027082498 -1.0
-7.28993904264739 85.72598561002346 1.0
-62.20874020407605 -91.7495425790311 1.0
-61.94198954765386 -83.60706218433036 -1.0
-73.09500892322643 78.440339037824 -1.0
-30.614879253844407 49.66550097229825 1.0
64.82876159486602 -86.84560673220429 1.0
17.30256430894181 -48.667958644572295 1.0
45.83875717773017 -60.52528615064092 -1.0
-50.67314827472698 59.917036792758296 -1.0
-60.58859771867085 -31.125717580057483 1.0
11.699169390255125 -4.679687348539729 -1.0
37.43536679034264 -96.04782366274497 -1.0
-48.87862426465 33.01385082714976 -1.0
68.3256739572391 66.70870871959877 1.0
70.89541214542275 -63.70359120635837 1.0
-73.15297990922417 1.554790665817971 1.0
18.542931716475135 -85.49059261905612 -1.0
-23.984297471978152 58.07073504835066 -1.0
69.49992518114684 84.24188216638593 -1.0
-71.61584038905555 45.34833324108536 -1.0
69.61146538299822 14.583777882298335 1.0
-30.73951971929444 54.75368735080448 -1.0
35.352871512966296 -67.75264285465221 1.0
24.19415889581619 -36.74323608227053 -1.0
60.64685024502593 61.55020742362565 1.0
-4.4998856160540175 -27.527248245998052 -1.0
52.91247584856236 -71.52112965965584 1.0
31.441123900923404 69.55799411903038 1.0
-79.58041650167378 -73.50868799653004 1.0
-93.53109671578277 14.777393391930941 -1.0
42.45557552972071 70.98432447822209 1.0
-48.28668770633576 -20.913871736335118 1.0
-28.68228775708218 2.2960538195734594 -1.0
34.72329347559285 37.05474400171854 -1.0
4.504354945173217 42.89003335831405 1.0
27.598402876032885 81.75422085849502 1.0
-71.31011118783738 -75.44829956179004 -1.0
-29.829230409130222 -51.53776520574867 -1.0
17.96050846923733 -64.56482073821645 1.0
-6.770928023307045 51.00725307245409 1.0
7.869444958441774 27.803041389584884 -1.0
-12.172923895488445 47.9340690804697 1.0
44.131732926297026 7.064272509318546 -1.0
60.73569482687567 -23.84732303317382 -1.0
-57.83050852706878 21.846747344861576 1.0
-28.031232684874 -12.74021727914959 -1.0
-42.19304496442265 74.16016218515087 -1.0
-46.82646016278837 -61.95803483218692 1.0
-28.797168263651614 -60.86454239684744 1.0
-51.53303391793765 59.26065583987446 -1.0
25.389948664707166 70.4785049456645 -1.0
-59.50990194892481 -81.34116599822836 -1.0
-12.391287593334349 -47.77186705498156 1.0
-22.058516930338588 -4.606672919706242 -1.0
-62.62395913595251 -58.88381018669836 1.0
-62.3814351856662 -53.09585230691188 -1.0
-32.98068497073378 -34.20853573214386 -1.0
-30.208688503976074 49.84550133169438 1.0
-73.6381022545755 7.303593665073288 1.0
59.647913443420904 -28.24655062589707 -1.0
-56.16258624709814 71.81573886374204 -1.0
28.36507198596511 27.30531838239008 1.0
-50.020211860691965 -1.1075095320519421 -1.0
-31.24177246719008 37.6519633209836 1.0
-47.14795456937891 30.85527920195778 -1.0
-41.56662669336747 -37.28877213437539 -1.0
-10.84883336552656 51.925074975326915 -1.0
-78.12379916128732 -60.79207242168411 1.0
10.852265963154775 -65.50307989528255 -1.0
66.70275018957652 56.001824394066155 1.0
-16.761046274855808 -13.516981858374317 -1.0
42.350049373145005 -63.879180545761926 1.0
5.894550401155306 -64.71883299919884 1.0
-57.24927299072483 -4.229127828716176 1.0
10.288091438103715 15.15602114787474 -1.0
26.861303887320258 66.70800278142487 -1.0
12.858710010661326 70.82737171146943 -1.0
4.067985057650976 47.53162753445817 -1.0
-43.38987352605643 16.853597363311476 -1.0
45.677045985654615 43.815818535456614 -1.0
30.894966324463333 58.589530040049006 -1.0
52.49204473683213 -38.0484725245783 1.0
-15.342229937589508 -54.04772544418964 -1.0
-75.28841333124477 28.159000684974757 1.0
23.494475599022792 15.765280318105253 -1.0
-21.034870869112815 14.510756093767553 -1.0
37.40875193407636 -25.087833319037163 1.0
11.474918696445368 80.20777936306725 -1.0
-30.550538667168468 39.442701706647654 -1.0
-23.257923935473485 -38.916673933267006 1.0
15.783635220456748 39.02463908288835 1.0
-81.09314133189997 23.777187267275266 -1.0
53.66462912223827 -19.981843058870147 -1.0
-10.634631490437545 -34.701068361918125 1.0
-20.51356420135494 11.451317884516827 1.0
21.016125968961884 44.16745972490759 1.0
41.87855663487362 -1.0895175784609097 1.0
-24.57197260240325 -5.934334140299679 -1.0
-3.3963537862272 -25.999968925865502 1.0
34.9704474601118 4.906077158635463 -1.0
14.484539774385707 51.49226296190578 -1.0
7.655831788067047 -59.95499187475916 -1.0
17.44365811512612 51.731115594866964 1.0
27.08861248349523 -64.87328808587061 1.0
66.62836862568325 18.559054342108073 -1.0
6.26994238174133 4.46983288999585 1.0
-21.70743304093964 -0.5619849214649584 -1.0
-75.85787994048562 28.46858531775561 -1.0
8.425927184484268 -44.32757618566999 1.0
-54.567101315058345 -31.9874043220758 -1.0
5.037490259321298 -25.68444435636046 1.0
-44.59444004599935 -44.88023254506286 -1.0
-6.899103044334855 -26.615944105604402 -1.0
-50.12449577720812 -63.862678528544095 -1.0
-25.079061951915516 -30.25022815568053 1.0
47.71585451959853 30.122726143762243 -1.0
-7.074743045004239 35.28156801679528 1.0
-14.413735746261219 44.86236199033419 -1.0
-43.459920379495756 23.608848196008626 1.0
7.391763505751322 -26.61890477575275 -1.0
39.32200665701908 -40.71067748611728 -1.0
-32.08210886743666 -16.98995677126862 1.0
-1.9742599413599589 51.980951177216284 1.0
31.08558843730919 72.85829475523308 -1.0
-28.865917424694402 -0.08439455631494575 -1.0
-18.356240938011563 -50.50638642127234 -1.0
-26.182358671803406 71.13010837024271 -1.0
-30.36755545889552 -48.3140824964172 -1.0
-16.340686041282584 -6.30945658201499 1.0
36.23059742525645 52.50798656565667 1.0
-56.701298265809406 49.51917073764536 -1.0
-43.501459346434594 47.1823887585392 1.0
-26.922764684626387 34.331865756294164 -1.0
63.39987633450731 -19.443862301537532 -1.0
-14.789504750307474 0.09107982881627752 1.0
-37.536719229365666 -0.39084617885827555 -1.0
37.53751580926065 -26.590101654985894 1.0
4.173983669737214 -64.43767730425269 1.0
-43.00789748528324 34.509895545196535 1.0
-10.340025447403805 -61.24316018875589 -1.0
26.813383913723126 -29.563535443219187 1.0
-30.654666886131928 19.173834720358318 1.0
-21.484961355524305 -17.630402666511635 -1.0
14.052278811859658 -27.075508806183862 1.0
3.9959780863068204 -16.087349316713446 1.0
62.76023110559322 15.088075906773762 1.0
27.904528933224473 -18.079520628665865 1.0
-59.43557352921543 9.56308831596535 -1.0
21.685718169779836 -3.7841884613463206 -1.0
44.48681356613152 -53.04518148614912 -1.0
18.235007909434486 -26.493852564579264 -1.0
13.865068359041878 -18.95613488221509 1.0
-10.630526078247549 53.08783887855282 -1.0
-29.29894289946545 52.57415170354489 -1.0
8.718253273538668 -5.368232503125998 1.0
6.625490112905291 -3.7005606550805608 1.0
29.360749876669246 -28.104708768458146 -1.0
-22.865680522985244 28.26992101265378 1.0
22.591850666175144 -27.330530369910715 1.0
-29.684479093267004 50.539073562863464 1.0
6.0338976809861276 0.7662464740571693 -1.0
-31.40150409866768 -38.96136756862844 -1.0
-19.811140052812885 -8.406242409807138 -1.0
-17.578894967964775 -34.008766072266965 -1.0
-19.100899454576012 47.87540193330918 1.0
9.465495503367128 -47.77684390331139 1.0
9.370669454313209 -20.424979756860974 -1.0
19.93712190924198 -0.8880714845203396 1.0
-4.016149214595428 -6.423806158934764 1.0
-30.929054849734037 7.710743247154266 -1.0
22.479392656540792 -65.15822987084678 -1.0
13.486070177477684 -28.648971769312748 -1.0
17.7601576916529 -30.39120282857542 -1.0
2.4830984240892295 28.57584820743311 -1.0
39.43008061671057 -27.00743588724735 -1.0
-29.487116076229388 1.7364798747306103 1.0
-2.4131233402840224 16.63424217889253 1.0
-14.227865274241644 48.984473851711876 -1.0
-26.63190668962359 35.6769890325571 -1.0
-15.733563578097797 21.0090105992863 1.0
0.5133613853260246 32.46148598802108 1.0
-5.953970581578677 28.361069732422752 -1.0
8.164933305326127 -1.712587167302777 1.0
-24.04059344954964 -28.961389847205407 -1.0
-8.232225537401058 44.36337852397761 1.0
-9.09626400291145 -34.6426271640293 1.0
21.746577967509154 43.69518288416459 1.0
14.406853690746258 -21.35267520582552 -1.0
-7.252105443552836 46.24591531960823 -1.0
29.817433763897895 -0.11503736086950056 1.0
-2.019462009831266 -15.88077235076929 -1.0
-8.865034389685524 21.74242012817623 1.0
-0.14890387823807316 31.547114490605924 -1.0
0.09551810325452115 3.1053181901534854 -1.0
21.958964826317466 -16.48876783360829 1.0
3.7738115434555968 -8.407538963248872 -1.0
-7.951126017245849 36.47444401251321 -1.0
32.557141775689914 -25.51742702920673 -1.0
19.13542062187684 30.976008362909 1.0
15.004688917190165 16.06691090134631 -1.0
-10.945891783196103 11.507764909811899 -1.0
4.638931795673322 3.931759775350401 -1.0
9.020505204192567 13.283801296390454 -1.0
22.60498398387704 -14.22871930865337 1.0
-14.53678769945382 -2.96124315547642 1.0
41.63176799714623 -35.40956877382619 1.0
40.8537267947571 -7.32052149263667 -1.0
19.503982799693503 -17.44896951694126 1.0
1.5507835421957203 28.12991647007324 -1.0
-6.468656424190607 12.15480083068635 1.0
36.49997382636847 -13.157444830821946 1.0
-22.14780818205815 13.641834878774869 1.0
8.226161996915689 2.8947901321670177 -1.0
6.607083111907447 -26.066800367439438 1.0
-28.10917154102957 14.109492566353794 -1.0
18.183173128789807 -45.14083257608961 1.0
16.753942569753438 -28.073010806553356 1.0
6.736217617135079 12.75313928342259 1.0
7.020690042277231 -17.916662537959837 -1.0
-5.86854427927023 -5.421489790339371 1.0
15.570643274359433 -22.902690495104867 -1.0
14.189921004171241 9.87634415166005 1.0
7.681860765866137 17.513188268816624 -1.0
-2.259985431305195 31.905820860150264 -1.0
-2.164644475841681 -15.051518382771993 -1.0
-27.88528370617833 6.153499742418288 -1.0
-27.434372165318855 -27.428089261674693 1.0
17.212119372729493 31.66439414107178 1.0
-10.727987114688734 -5.05643980508905 -1.0
14.770843968392434 28.40715857326152 -1.0
22.516088507409187 -43.31791791053934 1.0
9.822857217238106 -28.1365283128717 1.0
12.593200912386795 -27.19174536510948 1.0
6.072779609624097 18.457888139462746 -1.0
-6.106446095133942 -21.95128516550502 1.0
17.95836666178443 40.38426433399425 -1.0
-18.788220885101765 -38.059846604338325 1.0
2.306181886349272 -9.633856202617046 -1.0
30.930537117122075 -9.425206299530986 1.0
-13.558333901714079 1.5049103616164423 1.0
6.930144086176044 -25.537776899148305 1.0
-26.278768350687965 16.994737923995814 -1.0
19.203107701975718 -15.34064569733896 -1.0
5.694425546144324 -16.523698298002866 1.0
-7.809948756559359 1.7071093181190085 1.0
9.247384400668427 -4.741816435171353 1.0
-15.01258863056147 -18.899398585526498 1.0
8.543709955772899 27.733153860935705 -1.0
-17.729128073052514 -9.210404522236383 1.0
-10.256143694245463 15.817721038696417 -1.0
11.00805873767089 -4.664322788809976 -1.0
-22.846554187345912 11.822100446602443 -1.0
-3.742178546895264 4.24652087315072 -1.0
5.991395399551481 -1.8295018776662988 -1.0
5.633473754122094 -14.468324946261308 -1.0
-31.961193102190173 -9.132673683302736 1.0
-15.368527879444088 -5.912865475808068 -1.0
1.5217865727364313 -18.607411784207105 -1.0
13.923895797546056 -23.990412466797434 -1.0
-7.949996109751712 -4.884937237672265 -1.0
-3.273364349166502 -0.4828385065052432 -1.0
3.473606625849401 12.602113655915014 -1.0
-6.056401989662842 -20.752126007095026 -1.0
0.9823928453090529 -24.24088732854611 1.0
1.7378196197518014 -8.897376215860875 -1.0
1.3609803801813154 -10.602354482235368 1.0
-21.30340705667429 -5.344819605598417 -1.0
-12.799876101755407 2.697170254499279 -1.0
3.2297370956934346 14.655928583792571 -1.0
-9.011811489932278 0.3917129115034628 -1.0
1.6866713388713412 -22.179928421763737 -1.0
-5.737443267932502 -14.199527795056483 -1.0
14.557134372444832 16.42471101833811 -1.0
-14.682405667584035 -27.631160470496653 -1.0
2.978104982182599 -3.4912448777748746 1.0
-16.949143803678687 -4.657115388472457 1.0
-13.962780084215055 -10.694185702605619 1.0
21.970792465618388 -24.59584564884384 1.0
-19.744881311538293 -4.4316813820523695 1.0
14.328927818501574 -16.875805964016898 -1.0
3.0049212438465727 0.36201772148722333 -1.0
16.840146799028354 -15.927941071283158 1.0
12.572289622225433 -7.5353729785433226 1.0
6.591378382232398 -4.501355853851384 1.0
18.830670102294675 -2.2219116960389176 -1.0
9.982191325524289 -7.983172576924193 -1.0
3.8743899250764287 -13.880504087434767 1.0
-14.792078466894628 -2.6298411638279293 -1.0
-15.550131884688598 23.91473018985082 -1.0
-13.288634949136465 20.66718192459763 -1.0
1.444917183787485 2.17417744919133 -1.0
-10.10846944963063 17.51513742551896 1.0
-14.428219340244077 -5.532395744622524 -1.0
6.2584904628006335 -24.84742446973781 -1.0
8.061925067833627 16.19245234476363 -1.0
-5.628707233280978 -3.080631378541714 -1.0
-3.5578011708835757 -3.625321626420722 1.0
6.977285817842161 -12.20806809906115 1.0
10.65745371397657 -15.256415405771238 -1.0
-15.7791231197563 -1.33073251331468 -1.0
-2.766655407009917 -6.8347882042549 1.0
16.516606654430824 8.011224728789479 -1.0
-29.123936912800907 7.786075320290235 1.0
2.1953951577259385 -7.569317933998995 1.0
19.52015318266953 -9.865305406231453 -1.0
-2.7645969649024025 -20.784328093555324 1.0
15.420198810556835 -15.12798922698272 -1.0
-6.5828157606225215 11.311864045490303 -1.0
-8.651252950160508 2.4084497666929074 -1.0
0.22797660107690287 -20.0449223528971 1.0
-4.624806981013364 7.304136501559374 -1.0
2.3710062167649477 -6.314114892221844 -1.0
16.59188189540015 0.6159345133351639 1.0
3.7772878549966205 -18.50635477511592 -1.0
-4.403149396365263 11.008660833712174 -1.0
9.118704663606852 -24.821692408068458 1.0
-16.52395318706832 10.79396914690289 1.0
-10.0690533650771 3.4114352834843764 1.0
4.927959457904388 -8.137224257626166 -1.0
-14.759660123914356 -7.311648786473418 -1.0
9.125641747379724 -13.311598822718263 -1.0
14.4745292151619 -6.546518452299857 -1.0
-11.023334197576753 0.012227987629309212 1.0
-1.9093854193335351 -5.708653434243078 -1.0
0.2849424776159162 8.379425194166561 1.0
-9.071738614965328 -1.083204504222661 -1.0
-12.148606535785298 -1.947702965029367 -1.0
-12.768846549013691 -11.116423809426113 1.0
13.11280212411173 -11.45251162179816 1.0
27.189245118173144 -2.781056944402818 1.0
-15.40747295708718 -15.199779689171145 -1.0
1.3089734003418094 -19.757258895506396 1.0
11.858378985006878 -15.0440509180358 -1.0
-12.991833162405936 -4.256278338101271 1.0
15.652467065936845 -17.73089225989456 1.0
-2.8856361516183906 0.8726994255225407 -1.0
9.128944667654316 10.633517190748293 1.0
-6.735245743391981 -13.817680655553684 -1.0
-10.490743086366074 -8.126721123406037 -1.0
-11.907524530485642 1.9689079221136478 -1.0
-0.2999599191059591 -8.78337536379443 -1.0
-16.419925994360796 -0.9006176440138587 -1.0
8.75345253749593 16.497683046388776 -1.0
-7.128829172288398 -8.45772696599835 1.0
3.9634294075820327 -2.727711071989579 1.0
-1.8453189970390307 -14.585171030169535 1.0
4.5325651294533245 -5.394363293400081 -1.0
13.027645198718693 -15.510716542766223 1.0
-4.890231178955551 -15.058072129632787 -1.0
0.06220029732819832 -6.542527432351548 -1.0
-9.834853875032382 -2.8079390087578235 1.0
9.019077924810787 -6.770614455393405 1.0
7.508232088132131 -11.224087364356194 1.0
-4.970379096602658 2.8026070821609914 -1.0
6.160390802592676 -4.6609492712817495 1.0
5.3526442845021505 -12.24009891380824 1.0
4.453206189173051 -8.812880929684912 -1.0
-9.223400886191538 -6.989517336952358 1.0
4.191938206233676 -4.116289390240915 -1.0
2.6350834157808656 -6.644631267519418 1.0
1.7140464904071 -7.389564378330231 1.0
-1.9381107989522663 -5.850783982287368 -1.0
-9.0827096374067 -0.1505531186976785 -1.0
-11.641173462755752 -6.061597264602206 -1.0
13.112118010674115 -17.061884155613765 -1.0
5.096744844933256 -14.730178879847724 -1.0
0.3697569510590295 -11.251568958093845 1.0
-1.4268179685431768 -8.583590572952797 -1.0
7.96632774957315 -7.974899267625922 1.0
8.96093771775038 -13.877407530049851 1.0
0.9842670253507684 -2.9520489399639347 -1.0
-2.021944018820496 2.1040693629179543 -1.0
-14.485427986652622 -14.348069423573744 1.0
-8.175236642637536 -6.172009709496219 1.0
-15.397230872708176 -1.5289206202758177 -1.0
3.0898450006166795 -2.636542098357789 1.0
-9.891486616142963 22.677223151294648 -1.0
4.000708724331831 -8.364425711280258 -1.0
1.5775572980904116 9.785533998366098 -1.0
-1.3096286127628645 -9.463423464085572 -1.0
-18.328628042526038 4.179269197967845 -1.0
1.1734012924741606 3.482053691664386 -1.0
2.1070880527527405 -5.817587160443736 -1.0
-7.201281971812642 -8.702263396949792 1.0
-1.738498503548029 -14.824435160681247 -1.0
6.485191658275217 8.515089491801305 1.0
4.992626947449736 4.635132438630794 -1.0
-8.64908110337621 -11.730650693715006 1.0
-3.398526089888168 7.84910227442444 1.0
-16.864476663030363 -3.2615505696840668 1.0
6.81796957405953 -4.809008518287888 1.0
14.50405393280179 -21.50740870220055 1.0
3.9606284257384186 -8.614425327544007 -1.0
-17.895913919129157 11.44881951355793 -1.0
-0.6569662686525057 -2.574938344028357 -1.0
11.28683708319623 -10.106398841537919 -1.0
-2.521429072633201 -8.520610351734323 -1.0
-9.639289127481323 3.20920620787565 -1.0
-4.034297034308286 -1.410606339174497 1.0
-4.045260787242146 -2.915191678446466 1.0
-6.548757559712435 6.8147698117462365 -1.0
-4.899685249677761 -5.205837534402362 1.0
-15.459070154870496 -7.282973251248131 1.0
2.5940757400970016 2.739473081407693 -1.0
-5.403442172682789 -7.806724001134608 -1.0
-1.882296781655409 2.87242322911342 -1.0
-14.300616563758688 -6.333267780736331 -1.0
-3.3007724255138617 5.348211971625517 -1.0
6.653640369290527 -2.343448063860659 -1.0
5.914105536911646 -7.420498058105572 -1.0
8.37170038628885 -9.375188184771817 -1.0
-1.637420783389616 -7.971760744357752 1.0
-10.704942459827679 3.1748076417920936 1.0
7.430771389759127 -13.298208598480661 -1.0
7.222940133302656 8.087280942703726 1.0
-3.9722944103180056 -6.11392819451964 1.0
-6.379708802723034 5.597069271061633 1.0
2.1088900848830034 -9.381946287246464 -1.0
-16.819396525638897 -7.511137747382449 -1.0
2.460974668063027 -12.865730169238347 -1.0
0.9809339712597316 14.788986297127675 1.0
5.060502598588934 -0.2717315559712623 1.0
-10.449695927619082 -6.716977363943008 -1.0
1.7278500628146387 -13.603792261802539 1.0
-0.017957612067489914 -8.127996971311072 1.0
8.19120144664994 5.800688515795124 -1.0
-6.68552472551895 -6.161735100545431 -1.0
-5.120708562963374 -5.7920905924896555 1.0
4.494479403162352 -6.524693009790988 1.0
3.8837064371529455 -1.7128429408137142 1.0
13.19768267226509 19.052710750091606 1.0
4.131831215944231 -12.018741977390054 -1.0
2.5338259994208534 -7.134637029072771 1.0
-3.565995833933341 5.4239763890498205 -1.0
-5.168516521069394 -0.9100038106482722 1.0
-3.097898616065856 -4.1791146354989435 1.0
2.252019667834441 -5.972132754462282 -1.0
6.171559806182706 -5.54302513019852 1.0
8.820801518074887 -7.47257336533897 1.0
-2.969246960855326 5.589379053185674 -1.0
3.2632581742964297 -6.980771321141725 1.0
-1.1589965997635416 -9.348498296261965 -1.0
-3.643146611742944 -2.7246392455377326 1.0
5.991561696177948 -4.294363737455175 1.0
0.021426891095255307 -8.117693255466945 1.0
0.15640400964915624 -6.298653521263709 -1.0
1.7749188780119987 -6.057510184073367 -1.0
6.576732844071975 -0.18198044876934694 -1.0
5.4022206867053635 -2.534530678777139 -1.0
6.218082736216837 -8.293854930549484 1.0
-6.11341258436774 -4.275240262836974 1.0
-0.9181900014603865 6.582616467417943 -1.0
1.7239021244289399 -6.485480325308878 -1.0
-2.630971637055934 -6.6295343801387725 1.0
6.867272182459735 -6.458844453382257 -1.0
-16.549231563546464 -1.883242097741745 1.0
-2.9753571835176906 -6.256627700414246 -1.0
-7.2619859266353455 -7.1032186892739695 -1.0
-11.727337339002661 -6.744373519426367 1.0
9.553654011668938 -5.722229982501154 1.0
7.999298773213784 -3.6313869773691256 -1.0
-1.6218625174512629 -5.178087578614687 1.0
3.1015390985864464 -9.737833121398083 1.0
9.44852461862416 -4.449437254508144 1.0
9.921420432767517 -12.097721531307176 -1.0
2.6139490580551374 -8.909348620081879 -1.0
8.082942067407249 -3.7297770360599563 -1.0
-12.300372009598783 -3.836719084481902 -1.0
-15.892514455495713 -5.389391605755304 1.0
-5.174706229425725 -3.45463974679382 -1.0
-4.614469788405943 -8.24036830227883 -1.0
8.690240971594195 -10.762977940917962 1.0
0.03325205876761661 -9.040062909154383 -1.0
7.420887225823379 -1.6847200382119594 1.0
-4.7807144019253105 -1.9510276040787329 1.0
-3.5463691899601084 -2.820534324611714 1.0
-5.455410568432637 -6.960920812048076 -1.0
2.295087614105454 -3.1807757609875438 -1.0
-0.6779207525471485 1.0415028728261275 1.0
9.844938614098993 -4.508288669767401 1.0
-8.692890322632206 -6.199150473628044 1.0
3.266059890311852 -4.780251532498459 -1.0
-3.1484041721158755 -13.298021447249432 1.0
2.6456384774348325 -3.7260974993819183 1.0
3.2791442758354066 4.580357721438157 -1.0
2.5968130076588034 -9.156238721361888 -1.0
-9.493534273654783 -3.275933616260086 -1.0
-5.4270374800405055 -9.423100771316815 1.0
-0.9751622883047522 -2.625277936191683 -1.0
12.573406944345741 4.910140944638854 1.0
6.241144802755345 -7.648753563851079 -1.0
12.227274776747791 -7.394526644197736 1.0
5.311605693392183 -8.8577254065736 1.0
8.340668057121633 6.886769223953817 1.0
9.137704904327423 -6.664767298473038 1.0
1.0683971598230906 -10.366553526116013 1.0
5.362685503241474 -10.566894234816724 -1.0
6.997755650526296 -4.257457881244729 1.0
5.854139655714455 -4.829917646140452 1.0
7.231599495204091 7.374433382186761 1.0
7.904262710666867 -7.428272366202881 1.0
-0.434060221735165 -2.652202772648262 -1.0
10.899324052397102 -6.399895101146381 -1.0
0.18821286961100858 -7.014897777991947 -1.0
-5.748492113582293 -10.60493825866291 -1.0
-4.388269503329416 -3.675869696091822 -1.0
8.346174415570129 -2.7273930475138726 -1.0
7.609383525545449 -5.433074813212867 -1.0
9.72043449377894 7.905610374087017 -1.0
-12.502564023551686 -3.7398977876167905 -1.0
0.5978874101749623 -8.228179018816029 1.0
1.6474127659676001 -5.596672383652649 -1.0
-8.238735991588497 -4.043881318635914 -1.0
-0.8369708770477884 3.7969500984011555 -1.0
3.481991364435874 -0.5039605651662671 -1.0
5.536582615796511 1.0677307924730215 -1.0
5.9035682702917605 3.5815734575976115 -1.0
-0.2677579029834405 -7.803681813105047 1.0
9.03623379175172 9.793552546490414 -1.0
-8.00486122876035 -4.445966525313139 -1.0
-5.062121569244092 -5.920037379144675 1.0
8.612391661080094 2.6516141022604307 -1.0
3.677223420411515 -5.174142411621665 -1.0
-3.841401076256895 0.09031170636199004 -1.0
-6.930125188829367 0.6843066818942802 -1.0
6.400814690102321 -1.9822056537331676 -1.0
6.785260237235812 -2.4825794128576257 1.0
-0.4365112180308297 -2.0197883678303667 1.0
1.7881982754294423 0.05794081146727828 1.0
-10.089243426415061 -1.3923313415218033 -1.0
-1.2545721475044476 -2.5629803226968044 -1.0
6.062864854694596 9.808748455780286 1.0
-4.827093863065671 -6.095868945722254 1.0
-1.4261458420555875 -2.8440057853972993 -1.0
7.559913876822057 1.6154196029840466 1.0
-5.285504747063797 -4.227847071304419 -1.0
5.0341601634168605 -9.271742183918164 1.0
0.5288781842250784 -0.7097690650853615 1.0
0.4830735445343566 -2.6002620454001533 -1.0
-0.7493763208110567 -8.02117536032774 1.0
5.552936717532567 -4.500578387446674 1.0
4.090993519955801 -8.927210275628665 -1.0
-1.469849803682521 -5.306025621091114 -1.0
3.4615492185071384 5.562279922689228 -1.0
-7.511033432717709 -6.0949446370434215 -1.0
5.451756334660238 -6.7623456746952915 -1.0
-0.8786682622423788 -7.112928927352365 1.0
-4.110626680243834 -9.795435981073968 1.0
-4.745377840685501 -8.729984427308137 -1.0
-2.2934408513311757 -11.450890172204078 1.0
0.5948258624395479 -8.456286754999633 1.0
3.8498645136181673 -10.74995556390715 1.0
-6.6192210029727825 6.409506069354332 -1.0
-7.594716375946318 -2.6374888037942785 1.0
0.8249248363735027 3.4247804806600315 -1.0
-3.33969167918306 1.4444939106072603 -1.0
-2.201576975181128 -4.073411218958881 1.0
0.9873471954422941 -2.9255054250440318 -1.0
8.998356385483685 2.2421325641317082 -1.0
-7.740249097358795 1.266424590297173 1.0
4.809469015055921 -6.112814205140544 1.0
5.681492405615188 -7.476117973611908 -1.0
8.488291617640666 -8.126958729487189 1.0
-5.44300393741069 -11.114746835293863 -1.0
4.608961740325407 -3.5570601866342946 -1.0
-3.6355553814966886 -12.063474051147285 -1.0
-1.101699282744394 -7.182599468698409 1.0
6.625254418641119 -6.4252929631261235 -1.0
1.3567664487934072 -6.602763403044847 -1.0
-5.9541755693611655 -4.662908400020405 1.0
-0.9602729110716302 -3.543006986694475 -1.0
2.3202078595998423 2.0175133181075986 -1.0
3.532330632328595 1.1659742326237126 -1.0
4.972759761214783 -1.501730423137098 1.0
4.213966559327983 0.4008538301679635 1.0
2.146226349305196 -9.774908438646863 -1.0
6.616483895682611 -6.586133315394252 -1.0
3.325529626076559 -5.6285904916739655 -1.0
-1.1974098651498026 -6.697037267909546 -1.0
1.8336445107949912 -6.41854482861532 -1.0
-8.861587682782138 -1.5055426595050507 -1.0
0.6488718636048287 -11.661308112829854 1.0
5.602459863946336 -2.7145232628381506 -1.0
3.44207941394541 -6.051838843320022 -1.0
1.7225291559132005 -10.863862441861983 1.0
4.601060505240942 -7.237685217186684 1.0
-4.613566588836301 -8.156032504095053 -1.0
1.6839364730511244 -2.1298095905288212 -1.0
5.3538857604594075 -2.8548728703487325 -1.0
-2.1086497093075294 1.6085966764356296 -1.0
7.192886471046307 -4.936970165387363 -1.0
0.426336456480527 -2.6982439315862874 -1.0
-1.9431346859816578 -3.0848613357781267 -1.0
-5.564631352706503 -6.541949741780139 1.0
0.4162455271165786 -7.087542827031385 1.0
5.2256011417385615 -6.658038706381078 1.0
-8.090554272120043 0.45241469540464996 1.0
-3.831825263863946 -4.8614886198069245 -1.0
8.718664754293844 -0.31222939921806936 -1.0
7.985209525858944 -1.852672216959209 1.0
1.4514088477342715 1.4368048834044704 1.0
-3.3028240625144862 -5.787211610015248 -1.0
-3.8486973101571365 -6.797677292643496 1.0
5.596545765411571 -4.257796083900435 -1.0
-1.4921481876877172 -8.168420302356822 1.0
4.431288410521198 -6.058372099593561 1.0
-2.886941229921777 -4.041769620008253 1.0
-4.735188613110566 -2.9999960328299595 -1.0
-5.796519089625283 -4.027742959030918 -1.0
2.73430709800429 -4.128410593423734 1.0
0.5451719932553556 -6.896317209973661 -1.0
0.5152604397522851 -6.7384663679775345 -1.0
2.807474408011645 -8.466306881888594 -1.0
-5.357338024973109 -3.436835725275324 -1.0
-4.376702695168407 -6.337967087159282 1.0
-0.011506924799611573 -11.106025259285014 1.0
-5.821614035728405 -4.572145998750999 1.0
1.4335611627751503 -12.534175679523527 -1.0
-0.6386448172544807 -0.553035284563851 1.0
6.5583808544266615 -3.72550257110015 1.0
2.3736446408293634 3.4972668540413374 1.0
-0.8007456311672074 -7.165399409257775 1.0
-3.582779518664041 -0.3355708937542454 -1.0
-2.5196282191337183 -3.7728279839427756 1.0
3.9126543774602047 -0.2880686063901674 -1.0
-0.284207536872243 1.079146736181956 1.0
8.005908251784215 -5.4034369303506296 -1.0
11.081913408628626 -5.205857412005272 -1.0
8.447982371296703 -7.246302189802247 1.0
-2.125791766825695 -3.5775523008309005 1.0
-2.637727413905777 -2.99668772022334 1.0
7.3392645934873 -6.1792233306615305 -1.0
-2.1993224059777625 -8.464387043214515 -1.0
7.3892968334401194 -5.4989226296023705 -1.0
0.3475302722168816 -11.79765437338149 -1.0
1.115756269593602 -9.42430225212804 -1.0
3.779541901958827 3.9787851040444098 1.0
8.28411654502077 -7.041956877860184 1.0
6.193942062426996 -7.00315109413514 -1.0
7.050991830694726 -7.900293557944625 1.0
5.626683199513691 -5.352162622914974 1.0
-5.1462967417613426 -7.868786762104767 -1.0
-2.2947108262649234 -4.726147189936816 1.0
9.246391738110484 -7.432495777187587 -1.0
3.4198393914246883 -11.40058838194856 -1.0
5.364997562374864 -10.2276853253368 1.0
-5.680449094328591 -5.650334067552099 1.0
-5.320848316706594 -5.763331533430737 1.0
2.2906844009133343 -9.840456560070475 -1.0
-0.32220080525603345 -1.3804963133193395 1.0
3.12849600556992 -4.62500665330291 -1.0
0.13330748210250126 -5.84078583639263 -1.0
-5.400739222516715 -8.109162800497714 -1.0
-8.608030991970974 0.9475725457307171 -1.0
-3.363019525718493 -5.271456426364309 -1.0
-4.175780359200705 -9.76916061444603 1.0
-4.494520491839495 -6.686885523057557 1.0
7.479842738322619 -4.506600224638164 -1.0
1.114318977770699 -10.612050447803991 1.0
5.725987067800057 -9.597294182873313 1.0
-5.767046995043733 -6.245853329042271 1.0
-5.385785780266872 -8.276642819096281 -1.0
8.787465296924253 -1.8963145970321635 -1.0
3.368718487570255 -4.629852799224323 -1.0
-4.488961123435116 -5.660701680425823 1.0
5.1479968389499255 -9.677754271244925 1.0
10.736554135050278 -5.911231626978347 -1.0
2.5664458822732645 -5.870484936565 -1.0
5.1335366747547795 -6.490390383847699 1.0
2.979184243126408 0.6350517229128408 -1.0
11.409463862927572 -0.0161501884834212 1.0
6.473038439699223 -5.484527434108632 1.0
3.497052692591587 -0.496087545920761 -1.0
-9.446053144424255 -7.265225493439045 -1.0
-4.638048895911062 0.6251681996719305 1.0
-5.5352473856637205 -7.940960264895553 -1.0
3.8454087006743105 -3.9115921029144163 1.0
-3.5701064269733385 -6.961333265505827 1.0
0.20353766717626032 -3.973251679054709 1.0
5.540218372525099 -0.81454660956443 -1.0
-0.4087871269946979 -9.471969532415804 -1.0
4.313931086149779 -4.737132525958549 -1.0
-3.813230334821344 -9.379180182827945 -1.0
-5.404751879693988 -3.9492455940325595 -1.0
0.060545813409584426 -2.671098996677944 -1.0
6.30546494115935 7.012738933684625 -1.0
6.707306528322878 4.457685355262244 1.0
0.969350108684383 -3.741137680286574 -1.0
-6.2043996839157955 -3.8487550291420205 1.0
1.0116918199312908 -0.6673214399358951 1.0
-0.06982016070894748 -8.91235919356398 -1.0
-5.607992726615966 -9.603838786309005 1.0
-2.8248355105426626 1.1565156916416652 -1.0
-5.94242283654056 -2.76151158268138 -1.0
-5.112495250692362 -7.749283963793669 -1.0
-2.117485645426343 -2.2104593913619732 -1.0
-1.3449599643893895 -5.851246440909734 -1.0
3.5513104560361364 -9.826889553745115 1.0
4.838481082809249 -2.8066659775804528 -1.0
4.5176845068530795 -4.1419777583537964 -1.0
7.949469250958949 -7.591806367707111 1.0
-1.52648574212399 -0.5331709311632391 1.0
-1.1213084587719502 -1.9380871355276166 1.0
-3.0073313481805846 -2.8294286726256566 1.0
4.662820794436567 -11.108228659326612 -1.0
7.286416813048685 -7.109491701030909 -1.0
5.319212068565082 -7.338005132206737 -1.0
5.836062368596556 -4.042444088116611 1.0
0.7757786219689566 -7.636668477127391 1.0
-2.224544343519276 -3.8507876708719846 1.0
5.580766361799076 0.9966039964687019 -1.0
-3.5169645128705853 -0.8964320340995602 -1.0
-2.574942104763942 -2.8770559451177133 -1.0
2.0607745155325423 -0.5542421723346176 1.0
-3.698872696860103 -7.565128660686833 1.0
-2.0777726890739023 -3.4344729277562576 1.0
-6.501255573364107 -3.0596467056176495 1.0
-0.8517191596676479 -1.8175552834653128 1.0
-3.0328237403990066 -9.595475336154283 -1.0
-4.70502695523326 -6.725656472389085 1.0
8.26592667302281 -1.5395266385437287 1.0
-7.005728599863771 -3.0591727357684926 1.0
-6.739295731689545 -8.254537941943951 1.0
-2.716911334163613 1.8926802830393077 -1.0
5.3838585080056625 -5.37166005467468 1.0
-7.347413497481652 -7.888744807089782 1.0
3.0775879746360957 -0.405104701661831 -1.0
-4.967803707730788 -2.6515256531482536 -1.0
2.4532063490526186 -9.179185889676459 -1.0
-9.101270751528238 0.6203202035888977 -1.0
-2.765423855419604 -4.136935232292365 1.0
-5.089050493100889 -2.7202942125649154 -1.0
-0.3802112584275785 -3.127239150252075 -1.0
-10.005024672807656 -4.045931429290748 1.0
-4.977684705536607 -7.851478644685939 -1.0
-0.1590562251400599 -3.5506465321943073 -1.0
2.5386354330313528 4.294653328946095 1.0
6.978598310927976 -5.682842212413674 -1.0
6.7300273321557835 1.0062632849029787 -1.0
2.901944816634243 2.4327720747913677 -1.0
-0.7238289686417698 -4.9723349823532565 1.0
-0.5171325971085872 -2.475278429812836 -1.0
-4.991936450486442 -5.838167592656605 1.0
-6.021644251433563 -6.559238419874952 -1.0
-1.4883116980156033 -6.105281744011176 -1.0
4.438813043423484 3.3965066539917608 -1.0
3.8970966673389706 -1.5484792120648794 1.0
-7.190702479391621 -3.674052882163583 1.0
0.8435466911401859 -4.834251224778816 1.0
-1.289516960738293 2.679635102501098 -1.0
6.052280929713433 -3.6315495182730877 -1.0
-9.905153472790786 -4.2385095714528855 1.0
-7.92767341458102 -4.938913518859216 -1.0
1.0480977527570212 -2.008181331550873 1.0
-4.522465105423429 -4.135839639587429 -1.0
-1.7818772454979002 -4.810449798432657 1.0
-9.204332042699345 -5.192588912782917 1.0
-7.4013920322123 -5.593669198456129 -1.0
-6.0582892719079275 -9.431879307478578 1.0
0.3739136456599107 -6.4496395280881105 -1.0
-1.3826740191643119 -6.365747566908125 -1.0
-7.445057692061006 -2.1237233804069158 1.0
-0.9758063588015959 -3.111496482830246 -1.0
2.711120327562021 -6.098975188783451 -1.0
-3.399776281530057 -5.406895901880147 -1.0
-0.375114826579388 5.073104561747456 1.0
-7.066035653251985 -10.227679082217673 -1.0
-2.256831978497574 -2.605564455379198 -1.0
-2.118973198053251 -3.806993981723366 1.0
-3.1246273876291277 -3.66067987097447 1.0
-3.432180239772366 -6.098846450498635 -1.0
-3.8821249684610155 -3.410273405374306 1.0
1.5896890844487628 -2.968184824663283 -1.0
2.104867405650003 -8.128353643885708 1.0
-5.0426070416126665 -1.5907625303867992 1.0
0.7101563104543607 1.1649958989902356 1.0
-4.9282269060373505 -0.8045001551424249 1.0
-6.842528168538404 -5.262224858347898 1.0
4.949625314447971 -7.2514070179663275 -1.0
-1.0013155677604517 -2.3083032296194217 -1.0
1.2311668436654848 -2.3775214855583444 -1.0
-0.6630275370681316 -10.141342376455023 -1.0
-5.684584817379358 -3.930534258789759 -1.0
-0.2969967608449915 2.32575793372232 1.0
3.232056636716637 -6.895245855968156 1.0
-2.181228764515102 -3.6423469281343475 1.0
2.1558393313223108 -5.9504615029796195 -1.0
-5.43922091634771 0.2731097719841145 1.0
-2.1078042060909774 3.7191022964857234 1.0
3.798497628582935 -0.5518564026536357 -1.0
-1.8756777838442775 -6.048810351900739 -1.0
-1.8499528342964238 -5.878347484094665 -1.0
-5.5171427486743445 -5.476699959581504 1.0
-1.6203310077340913 -7.489906493513506 1.0
-3.3557296424448086 -3.2037652408697905 1.0
-0.542658640933207 -0.8643322662074358 1.0
-3.0221317789071493 -4.781995960545238 -1.0
-1.0060154963299237 -6.464103990672434 -1.0
-2.1834403569944945 -8.676597434677518 -1.0
-5.805617083334759 -0.08939532766194036 -1.0
-2.2075240690226097 -8.046661283074728 1.0
0.10719725395854152 -2.9756993011592314 -1.0
-1.7177727421445483 -2.7254823493732427 -1.0
-1.3940316009400746 -3.8024967945967734 1.0
0.610635608523196 -6.416966872117445 -1.0
0.22896748030628844 -5.631828017894934 -1.0
1.1044492076268129 -8.773414547376833 -1.0
-1.3694404976637906 -1.5444775264424866 1.0
-4.712066376299806 -5.69578998422918 1.0
-0.4688284669462468 -0.40860709186389443 -1.0
-4.991536449067245 -3.78876112167688 -1.0
-7.349573557324805 1.7891419463349643 1.0
-3.015445806932302 2.1226842624153757 -1.0
1.0691455594768127 -9.481581613569304 -1.0
-5.335247330061009 -6.271488516579012 1.0
5.63149711893426 -6.188437535217848 1.0
-0.5715325865815382 -1.7949044793499551 1.0
3.3868705613789314 0.14927407395779335 -1.0
-0.9828239227667246 8.33518998920244 1.0
-4.117368886946073 -2.2863635234593946 1.0
-4.734139055779024 -2.1587239665486395 1.0
-10.58029042767431 -0.7346279974458363 1.0
-3.216777178887345 -7.739031021373606 1.0
-1.7896885667661429 -6.686045261707255 -1.0
-1.724517869417633 -1.1956119574324484 1.0
-1.8168982890881702 -1.7567869844608877 -1.0
-4.777420372561335 -5.095113048000657 -1.0
2.14588615222816 -3.7498408071841296 1.0
-10.91400090705569 -8.486663184466114 1.0
-3.5625822063829533 -6.648518187443708 1.0
1.670009571581529 -8.90874403163691 -1.0
-5.764122309154068 -3.8963271056283424 -1.0
1.9621659914913592 -6.161383864108525 -1.0
6.362281768816362 -2.8243797350226183 -1.0
2.3962575047550785 -5.575781712746602 -1.0
1.6047137414439931 -5.529078637772854 -1.0
-6.5841310758054306 -5.880502189255322 -1.0
-5.585263073781705 0.015224359022538714 -1.0
-6.875882655360455 -2.13927460957264 1.0
-2.2376624326271015 -5.219410583730583 -1.0
-5.640502009588733 -6.215499283198202 1.0
-8.630182642215646 -3.3685171502252764 -1.0
4.6619823675414445 1.3294644175266932 1.0
-2.26342098935124 -3.5920055596146763 1.0
0.6364398182906408 -5.928477079692815 -1.0
1.526007381185844 -1.1937922565854326 1.0
-3.416569961536161 -0.23625341984183024 -1.0
6.722331779298346 1.185485016123877 -1.0
-4.498382628173765 -4.787169836617518 -1.0
-3.102040981750441 -3.6505299327720366 1.0
-0.9709794327463106 -7.9796919103973 1.0
7.6815835000028585 -0.7556648125728733 1.0
1.3569062245658738 -4.066362333428771 1.0
1.166901559615224 -1.4592283972333369 1.0
6.4440738851907815 -1.1868749549698994 -1.0
-1.664137350838609 -3.3072385595320157 -1.0
1.098030379441053 0.6278089118390286 1.0
1.2077339605486388 -5.939285154497412 -1.0
-3.070850507887761 -5.256744227855407 -1.0
-3.0742915162737194 -5.791806113790113 -1.0
1.3872864784560377 -2.4600380397414248 -1.0
2.924744507659102 -2.378526397897753 -1.0
-6.2792941081503315 -8.407536194099901 1.0
-7.343118807633301 -0.9924162608461498 1.0
-0.8544514202648805 -8.838114621659464 -1.0
-5.049460550208647 -7.242149239273161 -1.0
2.1215474972044013 -5.808068493524071 -1.0
-2.92376741876052 -4.658404638788721 -1.0
3.3627091832834335 -6.461891538239618 1.0
-3.993638010279842 -4.281737325358215 -1.0
-6.278702812482673 -6.840597986780364 -1.0
-0.48969514500955946 1.164178702721098 1.0
-6.032367960199147 -4.062999620696684 1.0
-2.987871572309372 -6.466969538154796 1.0
5.29287944299298 -6.39234668121552 1.0
-2.6240284657593205 -5.082196705025615 -1.0
4.698519700358584 -4.730373865120179 -1.0
2.8671030719731494 -6.2222073499741315 -1.0
-1.2439719052049758 2.076572051502751 -1.0
5.814224974589258 -9.573501280052717 1.0
-6.204211884905208 -9.629605895100708 1.0
5.034284513703032 -4.443667596823995 -1.0
0.43032691270577594 -8.296556630276584 1.0
2.001297890462064 -3.1496008865448 -1.0
-1.4495494799647055 -6.707183150436265 -1.0
0.5929723830918499 -1.251770257022572 1.0
1.7036457913303569 -7.292616089360521 1.0
-0.03310375269881849 -5.086272526007738 1.0
1.6732151659363343 2.2907390234541847 -1.0
7.87873148244671 3.097513069848431 1.0
-0.19488713364985755 -4.351042868094435 1.0
5.8186093292439365 -5.141598356615248 1.0
-4.862822891708054 -1.5511841990518147 1.0
-6.626368396874517 -7.266245533836788 -1.0
3.1507114023437004 -3.9983072640982957 1.0
-5.767593344003503 -8.800479871933188 1.0
-0.9541456480220101 -5.399861983587541 1.0
-0.743205950738191 -6.685219059518735 -1.0
-2.7008859340531175 0.47839332519962946 -1.0
-2.760931601246216 -6.59275601764579 1.0
-3.458722444299012 -0.9869740943416743 -1.0
-5.9888361165995505 -3.490118207059037 -1.0
-3.0333102481761034 -2.6278229907307065 1.0
4.262104132030803 0.15602186479159796 1.0
-4.47918781878189 -6.572586952049904 1.0
-3.554869165957043 -4.009545370985349 1.0
2.1351985473159063 -3.008408123822001 -1.0
-3.2276421267677255 -5.313973836046946 -1.0
2.2592491987141647 -5.179623528448039 -1.0
4.2188536375028125 -1.8867422704298873 1.0
-0.7179942267579364 2.017581079116925 1.0
-6.9608690505475215 -3.7237452819163614 1.0
-3.1534285384223804 -3.322898076071221 1.0
-0.70370355384549 -8.49704450357757 1.0
-6.979483724591837 -8.005593771008762 1.0
-2.087462040213531 -4.08773727278602 1.0
-1.0982638475764288 -5.563401742017454 -1.0
-0.5786231115055029 -3.301398747033047 -1.0
3.312270630670655 -3.130190469681932 1.0
0.370903063454473 -1.9702513558385466 1.0
-8.06222640804122 -2.4737547520170136 1.0
5.775735475120991 -1.3905823339767336 -1.0
-2.7003929197446737 0.10730098232869811 -1.0
-4.539543710548976 -2.92934049956993 1.0
-4.543648689062824 6.9641575305092545 1.0
-3.1020118249199715 -1.7072829117154726 -1.0
0.7747763758510634 -7.925571609297098 1.0
-5.404724914392544 -3.5303873190505337 -1.0
-3.490223030385569 -4.4193857392593605 -1.0
5.2015266688443855 0.1877250916855422 1.0
-5.007226443444337 -3.3950975965295767 -1.0
3.232375006138792 -4.9415420514165405 -1.0
6.237262281906929 -5.969883852518536 1.0
1.2852157089447422 -5.067214850621959 1.0
7.464496470479929 -2.2957009179768715 1.0
1.5312655465275973 -3.83511595075762 1.0
-4.289036802563063 -8.384891954836188 -1.0
0.7036285101077708 -5.785551192962711 -1.0
3.748215495610917 -3.771478203975626 1.0
-0.1438090585084013 -3.799739457862273 -1.0
-2.04621873151466 -3.2513507192061892 -1.0
3.2603136229988885 0.03765998302678475 -1.0
-2.9174173834144885 -6.327447262383488 -1.0
1.5957893449613938 0.6627217035696065 1.0
4.762853590930416 -2.096774367918114 1.0
1.189026750549143 -6.795463044577785 -1.0
5.209761567767598 -3.016882607703242 -1.0
1.1352656457949952 -3.8590404055861205 1.0
3.7803218571707853 -9.25677924994087 -1.0
0.37463597396994053 -8.98781494830242 -1.0
-5.1598493373286125 -2.9222513929076905 -1.0
-5.019779662824721 -1.972399161092382 1.0
-4.259016556148548 -5.469579608628512 -1.0
-2.398133639158476 -9.854530287453596 -1.0
-5.1675563123356145 -4.992145543481151 1.0
8.234441161654674 -3.0585171606671864 -1.0
-8.137028202370239 -0.9364451343022016 1.0
-3.1940075882551495 -4.514303114614924 -1.0
4.370464088701915 -7.008129874177644 1.0
-2.959825348174841 -3.0524318503246257 1.0
-3.55308090918985 -4.5294698643351525 -1.0
