79.92374653257556 59.414434600751036 0.5012956689431752
93.21234366183094 -60.41970271741326 0.5017681678395615
42.59228781699255 67.3680236938734 0.5063408285807164
-45.313095906930336 61.385884362080105 0.502452895878519
-25.093299260650653 34.941012662324454 0.5215502729063611
44.55619183259759 46.40272893725367 0.5187421147570969
17.06886239023227 0.3843389499850218 0.7747869753010048
24.78299259954386 42.157231809099756 0.5397796428468189
92.50172520364183 85.35058126146527 0.4983742189945152
-71.09808827247959 -49.18789087569686 0.5069110053731153
-3.870079905838523 30.718050292944724 0.4200117230399172
-56.07672993704797 32.55817391398446 0.5117463696846153
46.48953858401353 -8.563772853710859 0.45428487699528713
50.62540668354811 63.428531831299466 0.4957004319289198
-86.54487735436673 -48.43768592708337 0.5038612501763895
58.883120052922294 -89.4173424681096 0.49717418264198304
63.464694248082395 -19.94128165253322 0.4923071380713297
86.07088202237952 30.21900001090222 0.4943981657634861
91.80817170285457 9.515788339597165 0.5040223401959946
-58.941489674531965 -72.76490624159436 0.4981576750571506
-43.88086270715039 -87.02899017009958 0.49551731918902364
-48.00117588386017 -81.04091966679835 0.49490353194640496
-77.1844601915304 -3.8478026128488523 0.5083556708858722
-77.59683023360569 -39.84411769890066 0.4993350011897453
-52.074577569577364 81.61465305817 0.498115271733349
-50.188335919718675 -57.387242661749546 0.5011599445732733
77.67238128054245 -61.73519009065793 0.5036984742379275
-50.265014289913964 31.750689282250818 0.47836788278715725
-56.03736595609546 -50.009462717852735 0.49052661322054825
84.50482949687753 17.410684262271587 0.5068306101894501
49.505119287577344 35.151113825932754 0.5105020022620779
79.73727186348475 -72.91206637542851 0.5024291809260081
7.595321628153158 -92.2128816945266 0.5052195639348058
-56.780945622934766 -14.59588756916925 0.5134014467622892
-5.903288761394563 23.791758941214795 0.4364677164922625
5.406442659915484 -95.32874874207253 0.5038191622070001
-2.3929537400692453 40.146781384957166 0.4766655302126617
2.2726410037279976 71.0176880670007 0.5101250634410707
32.51946298627195 84.10259686613352 0.5017728881210967
-39.55406579296956 63.10418533347084 0.5031546245075482
-87.20111265666601 -91.83210679203229 0.5006352328561612
56.58552279268591 60.70846410755888 0.5069618365108094
-86.76273109761512 16.996998827537652 0.495974882815365
-44.518497383347096 -2.7694225460051882 0.48206868728574825
76.8999340818699 27.05900217191555 0.4918794343790806
66.33476420614599 56.39096775186715 0.50154316745442
68.06925481211468 88.145601409232 0.5026464188586256
-56.65056083947049 72.56920094462816 0.5018707634844497
54.67841841837168 -4.203401243568521 0.5299542891828748
53.15724877870488 -61.80225996334361 0.4918974244095306
-1.3445385252173594 -4.075934959150956 0.8214686623201688
-57.02184494735947 85.57564089707449 0.5004014726793437
13.807288934300345 28.830103350641792 0.44450258741605914
53.04751599679901 -37.41059059503806 0.5096419131795596
-93.96444795964895 24.836183335725053 0.4957727446790196
80.03937446126096 56.772270455320495 0.49959957014618517
-67.14051928371279 97.47475703816826 0.5010041978692817
-33.74139951394865 -55.453234284078356 0.5096536743040464
87.54754151534394 -35.86357663398252 0.4962084804930779
-62.479734144887104 50.40107274712244 0.5085431465860543
8.050005460473258 23.905572030448567 0.31639298594011217
86.5958666826744 -75.66212600824417 0.5019651194080252
74.9765999998155 -84.284944432233 0.4977806221120922
-7.7780938159475 -18.458327033760185 0.6809852707223871
37.91123666202455 43.7822889628838 0.5241993071013982
76.23445788848181 65.20089371556611 0.49629406829037176
19.612904006946238 -2.083877253856798 0.545552546928157
63.275422271237034 24.312792226348108 0.5141475260542056
0.48450986676394336 -19.880801856800517 0.6238840720653696
40.219098907258484 -61.12329000500583 0.5031001057212129
-49.86416636485347 90.49476578972556 0.49719047192086746
37.38446210602987 36.03512342499573 0.5360344972609762
5.3851891713825495 -83.056134715748 0.5079489354489839
42.32073009930107 4.359525611483164 0.5610872831430527
-8.199486797625767 41.78019371523246 0.5597579471299617
32.394244405747656 53.333106133001934 0.48642551499150205
50.070937549063984 -85.84399290788261 0.5028252624100528
-65.66810861826069 7.579152138644503 0.48324757322520917
32.079294287706205 64.79900122514306 0.48716927824536116
-3.7304624950643444 93.69467692336136 0.4969999870966151
11.84156786013861 -3.5477562565814083 0.15487975847931879
97.17052885095703 -7.6632407382655 0.4955277045538553
-90.09238087767896 53.06930636082427 0.5007180613556863
15.520517836969702 -80.25052416963811 0.49157861118003965
27.074684433075674 65.83930037188 0.507268321296805
94.21779620345856 90.34595644070686 0.501459539755051
-62.03050001344956 -82.09527648731054 0.4999402927837323
79.61165919962653 1.488308737024326 0.5052453517649611
51.0395815258787 67.84032515372317 0.49265645400974806
10.794975566302469 -51.86121370110088 0.47770597504051215
-78.36110908624036 35.04317173926154 0.5031887245267508
87.92921985816128 54.651259654512444 0.4965073502564356
1.527649419271853 12.591175810219553 0.1391117903829222
-76.70053946712406 80.414464324068 0.5019611059774227
9.669763965617335 50.38580418204211 0.5184626473741077
18.82816657998501 11.698885840388073 0.2889151676160401
-24.23721180351903 39.03903896184744 0.5361409884315214
-5.806236884143658 -9.871117699857379 0.7388745050668709
-0.9241537371200224 -24.753822854016462 0.3560533095364897
73.56111840229005 82.1968595640464 0.49779783348554757
19.28001021162946 -22.39786452635677 0.6188441261222402
-10.752215370927587 13.683539017865698 0.7855808366952518
78.76202672366662 67.71311850388733 0.4966729619438359
29.603209550645488 58.792347401171696 0.48319128235996434
-26.911678432829618 -99.98206111398903 0.4964863576906615
-46.728574435418665 -65.4379887477491 0.5074150083729738
38.454958304492436 25.928652420680095 0.49585207005173954
-16.624649427070253 81.87137978951205 0.5065687221355127
77.83596848781144 -17.75093041419926 0.5078286171010973
-86.64340840833202 -62.61352624238603 0.49680978293820965
63.84936525099934 -98.70159868190723 0.5019836935164904
62.88516134909884 -5.580311358632997 0.4834078065652173
-16.59796065970754 -85.41772822951046 0.5021895998851919
27.39690384473849 -85.7011120328668 0.5038665779941691
-60.49012135590664 -82.81330549116757 0.5023363980586959
94.76943522607394 -30.187389021931892 0.5022698246016657
-54.62646188700262 -86.59481417574352 0.5031992941330091
-39.506254857657616 49.25228323490552 0.48356766052000055
-77.9990017704338 -31.993991386559088 0.49611327561681295
60.54775380396953 90.0937543036701 0.502896417145632
63.58607888492119 -43.994686180206386 0.5078100211630825
18.542184774028627 -70.85197769039851 0.5047177309333895
65.67027117735356 46.99242360585393 0.5025123224114888
-92.19645031790465 13.017733034071966 0.5034567288812042
18.60395476776864 -72.67361007446061 0.4917672033904547
-53.08768078147166 71.30595020352524 0.501839250551856
-64.88998555880434 -13.701548853447079 0.48681858587686927
53.18139180488163 -30.762883347994503 0.5205751837174769
99.53708388135328 41.311470342712795 0.5010477222238883
55.677966717832504 -49.74245056773867 0.498874428138017
-30.537821765165702 -58.31974674508269 0.4831307421391174
15.146455018196406 97.56378869391492 0.5038872268174901
63.083943086661264 -37.93762331039468 0.5110346700558271
46.55118311976608 -52.24371050859291 0.5021198690390475
-55.889807768042864 96.31531694717225 0.5026253255564845
32.64198255245407 78.79764182803171 0.49567029680548114
58.75713803988205 7.816827997523703 0.48345199005315087
85.54937975634681 67.57602475066994 0.5008957724458162
-58.32397693313127 -63.38543066882336 0.5061361226986173
-87.5364424516097 64.76230338221583 0.5016143465436989
-59.155116879272285 -63.198773991252025 0.5065311195904155
99.1164071186968 -72.67070084555051 0.49860448758666404
16.91082166134747 -79.23630069616034 0.49784198308232563
97.70428947620715 -71.68517554404332 0.5018212693906865
18.749167656648424 -26.52293722639567 0.5627714334839851
71.41040225148515 85.38990555966959 0.5025410037588677
-75.0744987598842 -44.309514726402924 0.5000541944786747
38.39943604496216 57.10182851553549 0.487500605684559
-69.91547072508075 19.75788242512877 0.49110823980025364
-98.5932937183946 29.049668166450004 0.5007669562559947
-77.9164424956925 -93.76146396456622 0.4993229125328183
-51.85512770723797 26.289608167566357 0.5260425784751959
48.8659486197632 62.89919615282784 0.5056131801436501
24.59008363025896 -61.34897076689931 0.48314938566619586
-68.61186572758817 69.0188014015643 0.49548367340240906
55.43961833384867 -52.5717889830269 0.5045341378731321
-59.85371504435286 33.50752118615469 0.49223507672659167
95.85952290465255 70.67773320824674 0.49816794042925644
-91.70653096533341 89.37058124765713 0.49989563948207283
15.78502237769706 -85.46082088921065 0.5035472741894468
-54.781971844699775 -82.07560890269887 0.5036671948465664
60.09045609102941 84.23346653225045 0.4966452294184694
-80.0367847140775 -28.61074607524384 0.4930503645744024
-38.94309651720589 85.87055613076691 0.49490540994044685
-8.766659382044438 -96.90412204226202 0.49550937235271136
25.25903908387434 -66.42723438245375 0.5098671847073776
-25.84876534611533 42.394416735253 0.48586723947211985
22.89363918360749 77.8579373388163 0.49571269072390534
-16.100131481246777 -69.9107753945672 0.49320774431971043
5.941878327793873 -74.92684065278479 0.48992931113206656
87.17477881328657 -14.821524934129627 0.49611759965784175
93.3864593658958 57.346669746179344 0.49780690005240025
-15.105362206514954 31.40966461761036 0.4153643747538885
-88.46868964425556 -5.105088891497942 0.49830898361882503
-24.152957090139736 85.71843943883749 0.5036039996295042
-78.43756408648113 56.38649753415069 0.5000212974943777
-63.82180410126561 -66.56087047876943 0.5033346925424259
25.91698875820387 54.98821106535314 0.513327943052495
-90.69106179614738 86.64078154167231 0.4984132157388731
-50.162080033936164 18.60509269431769 0.4670762156317748
-97.34896875550936 87.43304325391995 0.5008918205597915
30.922199739503043 -91.87865398993188 0.4971018627947791
-13.30513721400412 -68.69023018413796 0.50190817992592
-66.21706360115843 -10.905575523657632 0.5106406057381234
75.92748411517204 98.89622667959802 0.5007009125869681
-70.03588321122561 86.85468636947297 0.5027519749193652
-38.65294440346805 50.6554371188345 0.5039203152025425
22.737291929962026 -82.1557025926777 0.4951274671220364
56.35344765829632 -16.110873244481326 0.5140851733064045
71.025841964177 -55.916097646146845 0.4991193769553547
-70.94603917409799 40.748335767941114 0.49185490529884557
-2.961365784115074 4.847381709518302 0.3324210046139374
98.46483755122634 -51.91000784572768 0.502531892807673
-53.92484518648888 91.85664961246346 0.49728775635908784
39.10867998714264 -37.74540314306147 0.5100664572816775
14.19438841187457 -75.73754939862727 0.5102308082783671
-21.636018729821444 91.09592460578182 0.49827505077461237
85.79614037424892 39.25975865707548 0.49501130020143835
65.68385686265702 61.3835469047153 0.5045065519109803
18.09859524327419 -30.693734091254598 0.5531000466689048
21.546639771892885 -98.63424347861718 0.4973918031391602
-7.28487096158419 -40.602477623341926 0.4532769230891323
93.89990619377696 2.2396464476141347 0.4958502603465656
-88.60440209232637 -72.19882104976472 0.5018571275572711
-90.76426372616986 96.29906223230097 0.4989519846710011
26.59553297849486 0.982998701069036 0.6685769368730596
-4.8674300713733345 -50.08440226755726 0.46016427301419394
72.25548204254463 -5.4677377907793385 0.48826810367592904
32.389644923418615 84.73875875909255 0.49581287147341513
-49.53162285381314 -99.43381926961709 0.5017948798908227
32.218185132328074 -94.22545142474421 0.5013533018878094
67.95427891076542 96.53791408844762 0.5019733223264978
-55.37803111219763 -29.853056968468138 0.47992051488139326
-67.69582823131503 35.46447052092134 0.504919991444961
60.91301022547921 -95.81883416462615 0.49836534550912337
7.892928714213724 59.1106096040929 0.4760613735510204
-84.094020223479 54.56961778372374 0.49654360506129736
-29.871377685269223 -75.0583837742701 0.5019604493820954
-18.154594227979942 71.39464881291781 0.5114855387326281
-75.78639861527788 -22.071807359909386 0.4932722143555805
-33.91716229251713 -11.53445581834751 0.5787654559571593
6.31943796446464 73.63671949595258 0.51182002612233
-17.846791699761425 4.773487210411616 0.2968025497208836
59.72100532931398 45.58364890881154 0.4902693749476243
20.310119413242234 -73.62324150480589 0.5039661248361846
73.11945561127649 -15.447417717848808 0.49724683810155657
-61.082387479695214 -17.494969679853085 0.49690629442960543
13.771536203293564 94.7563744004409 0.5047927988117622
-45.72249292029931 -62.77687478167946 0.5018463034280447
47.93497511675076 -83.12978453268336 0.504607340643937
45.271368294602695 2.916867673460615 0.5497384494680052
90.14201482654806 99.05516851519826 0.5009444044649812
-74.07910357861635 -6.143107437930141 0.5062262533192522
79.71953306632483 -41.38682936282454 0.5051055889982337
93.09560218664166 -46.8499975760712 0.49836901954165747
-36.86065261650266 -66.5197958309534 0.49712910586554115
-24.562954649828853 95.2636797741099 0.5017448830664426
-14.803191072082583 -48.20676008730849 0.46226542383018443
88.66021933536112 71.74503041227152 0.5008488743942999
72.0925811445428 5.914910767194257 0.48728438188525225
28.7412431556958 -33.5314936086218 0.44629490834191954
10.509887809600897 -87.57722784926759 0.4942532569662936
-97.36100421207689 11.197238834455874 0.498500517300094
29.477458313975546 77.60567913369181 0.5071451756030665
-51.21229206264075 39.954948692121576 0.5082631784469287
-13.494308872677152 64.6317043114177 0.4826860432155341
18.530779683727587 -27.004284646530323 0.6036857694260548
-42.731121403872116 74.14078262272255 0.49949493705516207
48.48612523063704 -89.8515896026306 0.5038309897766525
-8.49839499962269 14.170769486331622 0.518723163522023
-86.63190028398684 -53.027197446811236 0.5019134874292365
70.9610539623059 49.271236401835836 0.5069805796585112
-34.6833735350413 84.23228085713163 0.4942183958514185
-20.70789755848456 -76.00105600112401 0.4913854514550717
85.36032359686573 -0.8052065624550835 0.4965827972717737
98.26148502199624 91.06824832562262 0.5008541411614593
89.84516494053753 -47.5977713026573 0.502553846271003
42.67076988630177 -52.19107718952887 0.5157182937131616
49.780436706515616 -41.849760894066044 0.5055246344910495
50.296304636389976 -54.10317432623457 0.5119481750574996
7.454436819825844 28.13040905393106 0.5121868760864703
-34.43709154550993 -35.95878868217865 0.4760671690152217
-70.72316945099708 -65.1964484688614 0.5035094335761171
34.987532670329756 -86.03598308939478 0.50496562158517
-75.54172282136354 -73.12804035393978 0.5033667179721203
28.15006015269418 30.403967581438422 0.4746864550848763
-67.10612450077687 58.94412456396188 0.5056245974131116
71.96539904668938 40.01674379630367 0.49797449572457086
-55.34472092772462 43.79650541838919 0.5136491927318377
59.06359069126114 -9.408822674958287 0.4767948875024835
2.2160777558482607 59.002233017556705 0.49318332913768426
76.5908102788685 66.83818507536984 0.5024321103168515
44.53097920655006 81.7376329525892 0.5036999569712111
-24.62579807096523 -47.648840701273286 0.4701652066911129
-30.42413192272464 -0.9144780114196607 0.5506361628002574
77.98032355447589 -8.772010502990454 0.4903303091530465
44.22679496312878 -7.048759747134881 0.5019128363035065
19.843302994713596 -40.76038849735912 0.5485036487816995
-4.001751092211165 64.93962268434797 0.5045255479541947
99.24643767021817 -32.855109804772866 0.5005972044240402
73.39264571129465 16.887087337758388 0.48893970895591776
40.42864495022508 92.8413946329488 0.4995718958475415
12.40749441243507 0.8666799570198123 0.13734138568293708
22.8965274401437 -34.689242981440145 0.49171970994986636
31.511549554368543 55.85957922052481 0.5164443848539774
-44.419406204946135 -19.742666690815952 0.5435690433167845
-78.40222196029585 63.944082966604554 0.4988715520931094
-65.80871970356966 -85.54153987877211 0.5019014984883337
50.35855599255973 -61.10540404234084 0.49733461253402345
28.117115281849465 -47.58064084176272 0.5254560709488391
-15.91781341298369 -78.46053459386535 0.5090589092593575
-71.1241554810334 58.99306737820095 0.5047064090353922
1.970505795839287 -7.396708644708269 0.9112036129254879
-76.49479383186076 54.16216378776079 0.49735179466402424
14.580846295846257 52.1709528026893 0.4985608957884651
56.46490392374753 -30.093280479235034 0.5128866645149006
62.75474019355457 -40.91548726593499 0.49350462464644884
23.91392764374183 8.442410649811876 0.3336787924183744
59.787506501930494 22.880041124320385 0.513765746409005
25.229431337748636 87.51576874056755 0.49422147129565974
83.07374898230987 -15.62361282604401 0.49371998698675496
-62.066042752519124 -16.880437586553228 0.5186920309764601
96.70390969818672 -51.15298594463098 0.4986840389891908
-9.227715631949593 -41.412606005135785 0.56373277649421
-49.128988019808496 -39.49343433173531 0.4814281941293079
6.846489012138335 -19.501977367440347 0.7157723078542148
60.189236352603075 -66.17693496725568 0.5060896092191968
69.64984808889034 -16.41083434913135 0.49771930456875896
21.48937592985405 40.97769523532503 0.5068644350031788
65.45451390525531 -49.03259413543503 0.4917162153169915
-96.39078902592131 14.130157900891689 0.49546600356149967
40.73662494370248 96.82620591116148 0.5031883096051536
30.304089875902918 -35.961722315877026 0.4524219426156796
46.30205085138047 41.09377594365063 0.5058604630858895
74.92196806258696 22.41270757233933 0.4922881640039306
-15.703447228965757 25.397780390742582 0.6396648263056446
-31.168940152413853 -54.35832453913187 0.4805963078831873
-3.038186163858157 55.18166920367037 0.5255318788828054
85.2690636263435 49.474020219431026 0.5031680051177402
37.31571487416758 -33.265970433516244 0.46516827258345905
-95.9756566122915 63.82403753063073 0.5009255624727404
45.83866182837252 -13.760634516130693 0.4954153574969633
88.92248769272479 -41.44888639195248 0.49941207948248373
-59.85134104811891 98.57761549076758 0.5006242534902272
-14.353058505221455 80.73800700074781 0.4933036987491241
79.41065961916914 -78.2597886564163 0.5027655873887037
77.73225673377121 64.97083295614229 0.4999419405053904
-73.28584120607616 0.1288371848928449 0.5057742946485803
-45.890073738811225 13.447274745042748 0.49175525346079046
-53.550020237377716 -45.60473825647278 0.5108460639882179
85.86658597126436 -28.84005227500741 0.49707121501921975
-58.18682409171194 75.47212965410228 0.5024871158403451
51.71697045946996 -29.212526777720285 0.47968598750189195
-33.11471987538535 -96.39429271531421 0.503613309785197
-56.311206119688165 41.81526098084544 0.506550855657504
77.71126746739873 -26.007447142582947 0.4927640476357375
-1.9621188623021055 6.471144747807827 0.23693662827425754
61.746416431523954 -59.67717556661927 0.5035862610070225
63.661760237590755 -57.250278251521024 0.5001359880922761
-99.23961543277477 64.46332697905265 0.5010901949862784
-61.94902271753351 -44.93587780031439 0.5067996342575891
57.52356965718772 -93.68111394421226 0.49708299028697733
73.4875432387326 37.746795641325406 0.5023849449783434
14.879382343969013 75.02351981555131 0.5060375853038415
-20.25675590352256 -93.87038984259493 0.5043591114073553
-21.55450485813782 -25.943249660163744 0.5094138004088601
55.7530547031227 -6.171765386614297 0.4821540766357509
-80.25168406248144 88.65800704933525 0.49804037479845786
43.154942504672846 94.36214161088054 0.4964463307064208
-44.72553826952925 -6.468864022164709 0.5404610839153164
-49.84787312411443 87.87635376902722 0.4978427278828032
-67.30225145817343 57.324274659448434 0.49591723971811813
-84.54885610001972 67.0644024161547 0.5018558045404621
-34.51103681839258 52.06693132101287 0.48452358834134546
-16.786748949460346 94.7949613490917 0.5029386866307147
44.88349295521101 -37.84752563079532 0.509566712599225
32.5568728081972 -1.7404333913753334 0.5846106489158642
1.3581907497648587 41.258282427583595 0.45642408457910094
65.60460683981375 -56.844803253019904 0.5046593025192477
41.269941019130755 6.938094063801529 0.528488656446604
2.184056464701996 42.34552269241317 0.5638586707495983
93.20394306816019 -35.11576557528211 0.5012062726660194
-98.63542803401504 -89.48521197415866 0.5011091774487703
-22.875157508611395 -13.858388829780239 0.6693309348146232
-77.47557030507927 -84.06133265785083 0.5019340394000005
-7.413193771828233 -0.44860508592596204 0.7948881717762459
-42.528376537765645 21.251962091046366 0.4685206339151744
9.469136379509905 -74.18323318972156 0.4961136667663261
-59.37930696547442 33.240989928518104 0.5083545788601036
48.412006011570526 -99.23258796981276 0.49824244504761606
-60.27086970690405 8.940553977451529 0.5177677064781824
-97.7415977668032 -68.90836636694475 0.49804936129313687
-37.55833028857949 12.017649025705396 0.5724947481696037
14.460369905582283 31.84704024686431 0.43229227137929527
-26.882752330249033 93.74956538657906 0.4956471215084718
0.1245867210092797 31.05690239028496 0.40239267735176615
24.31160030307744 -82.98148438775101 0.5068783774326684
-17.34088652229822 -67.74896201972096 0.500938541459596
-50.54342743905678 75.79338354490699 0.49421847649567424
97.24008287728813 -17.104067396774497 0.5038886149418925
82.84001518709977 -11.44915126132004 0.5057228851981366
63.50858683407387 -35.973787851761244 0.49868815685148027
-30.709712766128035 0.051598408571436494 0.47910353019662844
26.682121631694216 -32.62048682087284 0.5557486966053349
-64.23747058807353 44.65024269156433 0.4919588301060158
75.9991106119733 13.463319094616935 0.5094035743232281
94.763660907278 -90.73567191935462 0.4998877711571905
74.59661352121799 97.49062737087726 0.498271942338385
93.93787865255516 64.87034852331689 0.5013366686465988
-70.97802260550534 52.91068148546688 0.49726398046309656
91.28155426059189 -27.348192791740146 0.5024205881864358
-14.228765182492737 -92.6415616389471 0.49735544049346575
-2.9745177923413024 53.62900760465496 0.47282172365570607
-66.93063888488054 51.19701642929678 0.4966323929240311
-70.52222016472777 -71.31597423284947 0.49635395843795393
84.71262734653098 79.22697432788252 0.4979023115867006
-24.53959468209281 -67.91969644012552 0.48709747598948144
26.671817025612583 86.44495245429724 0.4983013664742809
64.5791592619014 15.502451226386256 0.4891279791192722
-83.1243707700852 63.05768034670004 0.4991430203145238
29.461859959548462 77.9080346338186 0.5079097612046521
-46.789632343207785 -88.24184702678592 0.4989023455947744
-71.32852084182726 -94.30469183324652 0.5014463580566815
-75.65750751870613 -15.386548608002599 0.5091794887824405
-59.862098944056385 -56.2457513582786 0.4949403680496457
-7.604342658447052 -99.79203869965714 0.4974364510602487
62.18423952468294 25.696973039512017 0.5142086319344618
27.732409079528992 13.17177230615843 0.4812558242142524
-64.34526026228222 94.01287331172358 0.5002121769604653
-58.79973307577644 -68.20819504517638 0.5030618958803533
-23.977101773519564 -98.13203092130698 0.49776729141772547
17.67628034200905 -58.408429651360635 0.5199451722279806
21.268857178052897 -66.20362485702506 0.4902245458182212
83.58418221940988 59.210955188240234 0.5029910604668607
35.96670562893448 -21.10528971105137 0.5100466820678985
-95.43964858482335 62.237792570646775 0.5002910666929341
69.37633183637172 -61.83496009077945 0.5046909469055041
-82.83953966998534 2.1925239610511653 0.5058147291891001
-56.96166314897586 95.2703338239184 0.5013959565543876
-70.94136553591046 56.9840576660703 0.49434008407136454
-19.314142630854647 60.96324573023824 0.5119066069317455
76.32972032375343 -33.51650396346666 0.5077144243797418
-77.13881580489748 87.64239634727943 0.4987994523672839
47.32237285943975 -11.11472047801692 0.5435802355904366
-35.48489900259678 26.320762955056537 0.4470930782059421
-77.46913569237591 -57.23458454468526 0.5025578539290039
-16.78408957389594 -89.85297591648673 0.49529100091627737
82.6310127030477 -95.48464371488443 0.49940358202086826
-17.389162253826115 70.42488211244239 0.48924226703420154
66.5966721479976 76.07925506938162 0.49840554964238454
72.00694032812717 43.56163612000927 0.498170704197605
86.05888442687885 32.06887009948838 0.4994189589336388
17.32747596706021 3.483565459070519 0.7041554927280103
-36.63207154112491 -14.977158945933496 0.5621755553334804
-13.885519316606377 -40.02832672644703 0.5637619616042276
-22.38595040630429 25.929322297996606 0.4128479137252932
-34.41839669952513 -0.5672265296241505 0.39902963749519
38.546264013713454 -81.43703606513226 0.5025826803762794
-52.66086124426654 20.076878252974993 0.47338686960039134
63.98096248585779 -41.70544655134829 0.5039693767291071
89.73801192987378 90.52707846916744 0.5015009043745094
6.6260916571023785 -89.46102834572964 0.5057561230992206
-44.806727878811614 35.22738552514667 0.4826916447837389
25.256868580888053 -44.952564332998215 0.5318737979159343
78.16745154734119 -34.00527857445607 0.4951252202774707
-90.53750908528929 -65.26897390096443 0.5027214465991395
58.399913422261506 -78.44189334309277 0.49690866147440044
-70.17332076246183 76.87120660426146 0.49757153696034
90.85485960827418 10.442634690382647 0.49561513608530366
76.36815824559827 16.651857769491812 0.49279276771820263
44.41858432629488 -45.06777699277795 0.48747050461938496
-58.63661802346725 59.16059447238942 0.5079040972793144
-92.13355699520321 63.8674667063496 0.5010898021183415
-13.35068517694313 43.99021479249973 0.5345510939327285
51.04952142356569 -16.714923563313278 0.47301513169200327
63.37430670090629 -85.93292542259977 0.49675885762298544
97.18669306719363 47.738688552950634 0.5030185009727329
-60.26401091597553 -26.844230434752347 0.4825466860441414
45.354701247455154 -94.8495312656617 0.5033617857155948
-68.8501903435334 68.68108633510442 0.4956059240568886
-29.717582383296644 96.5078567243321 0.49751305480449526
62.50697563372222 6.138090797580816 0.47957495883659723
-1.4628944756556166 99.84792639465911 0.4990686580128243
95.6584783415338 13.786071922344732 0.4996001560027451
66.47032083889422 36.1135819479901 0.49027933992618855
99.077158095335 79.15164388334034 0.5011372416588257
-98.92934227293372 -45.64214284741228 0.501284656899419
80.27127288134864 -22.823331534464003 0.5072562004731331
-54.657753217217554 -53.48099491666516 0.5057818912828349
-60.297704639203786 -84.61416328963014 0.4967741323675672
85.71213505834507 66.77968007340539 0.5026121618832592
-27.286578216195196 -88.78116596432812 0.5049576312402296
26.819476335995347 -52.4172672169769 0.5012456201495314
75.519778121856 -55.59234810636424 0.49694919974033386
-71.91996014558487 -77.4584854274337 0.5020672339457738
79.2670310016097 74.09377498852746 0.50297792629837
87.26837116875453 92.9019741235542 0.5015100666479855
-86.10163846921188 46.25275236406719 0.49656076518363335
-43.02143323514147 -29.129040831402577 0.535507090294749
-87.49231937827919 -52.11857697019076 0.5033463692059158
-3.7734221099867966 -16.222643425983208 0.5977559312049847
11.363887294093786 80.48082334577401 0.49400696135824246
20.56550971254569 -72.18862714499232 0.4911282630090928
-62.24310624507681 -32.60831729782838 0.5094993732037093
96.01664984076791 -16.9978974242526 0.4956021782952406
68.22112284355745 -58.66360762448115 0.5038524164017415
66.99814496612669 -70.46048951348641 0.4956583990622784
-66.56606331847088 -20.147165148178004 0.4904950601299283
19.387299680561185 -50.666069695068636 0.5036070099123173
-27.736226762107364 -17.293183187930936 0.5963206242696171
85.1883312761579 91.24047465910016 0.500184882983344
-23.466671358313505 29.971784250528543 0.43804648620476644
-38.05306291325241 -83.43465679791163 0.49791652759517624
83.44782355386536 35.431830507488286 0.49632221659174885
-15.76877221759625 -46.418788890542075 0.5341351055665955
-75.80940988452778 -46.02084293515942 0.49917215050026575
76.7943903344406 -81.8360327207108 0.5004665260130906
88.1955696012339 89.21219744765477 0.49837824964041955
-44.16687256270701 46.3632590311596 0.5142114232590824
35.378241578646396 23.25994551627643 0.5634508607584113
78.01740610154565 -72.13514338526451 0.4985507999413039
97.64460282905821 11.725119677951952 0.5014747132216705
8.331126719114053 61.750014778864994 0.48946807690722405
-25.964368481971505 -15.459527557443039 0.6002949589420059
28.871642767187126 -96.08946836591676 0.49623256882593064
55.96681933091716 -0.18611815330709192 0.48838971986013024
-90.76780487020872 -25.309173275187646 0.4948802611006073
-19.689938218993035 -9.149570317775968 0.30413917148100444
-74.79483238666023 36.97160187004744 0.5073753956272206
64.69917578264378 81.38494225138368 0.4970255473652477
-46.35296841141028 40.6728090376954 0.5149011856035469
-81.04795383157622 1.4092269821673824 0.49718652031241
-60.085837318168345 -45.06854140382015 0.49049881764338826
-44.752129267728606 -59.83439292164589 0.49757148440664123
38.65769063476182 81.44558442187028 0.5019613870044448
92.10487721917556 57.355490874684676 0.5029792702155155
-33.99976773599596 75.19714994524179 0.5009734366321235
-95.12363912226934 -13.354036954164258 0.5042498681560978
-41.43241893067551 -75.81458185744287 0.5069784188292514
-32.058778095412734 8.437587225751656 0.6074544363954315
29.445283035699276 51.04371300554084 0.49885381375348137
-4.178970993174744 -83.08853265707153 0.5079140198153042
17.89288497079417 5.145102856299772 0.2533352227466513
93.22210626084052 -96.90763930168134 0.4995570831949233
-97.83514138260743 -90.22137941152613 0.5009258500528077
97.44467487595546 -11.2902673484557 0.49930974245789334
40.034601672135636 13.50424474099114 0.5611593355534149
37.051873671076095 -15.796923765299354 0.4685683273709932
11.350406873269876 33.834256731423295 0.5614890176991778
51.84532155475193 25.886300899972795 0.5248035774506304
51.911126787384376 40.78633949305791 0.4826523358894398
94.83205883766286 -71.20346483299265 0.500032523397437
-76.54023439283492 -80.46111303327801 0.5016352618342634
-43.370119319084324 50.87718069045272 0.5031610968623775
26.31891657021393 52.89662639819477 0.49137699982402605
-16.427093462324336 -53.894836432484695 0.47370757352285237
17.733566464841573 84.3266271989838 0.5063562876088626
-88.17768414067615 85.50445519756275 0.4984146026591553
63.89423572043867 -2.6747335659436544 0.511923860871113
47.14739543741294 26.51424280922876 0.49348813412110987
-32.917279244996195 -15.336983148230516 0.5865952978464968
51.87146397419056 13.82522093293943 0.4717178135221662
97.58875114069332 77.95672437487349 0.4999096287604453
-20.04527783442694 49.01234421505856 0.4787414567247035
-48.74910595542767 53.26550155921356 0.4871166187255955
27.72602599152232 18.328639615746027 0.59907129532251
-66.55631603464388 -41.09919785623377 0.4920453848898458
92.050528092934 30.541564503553644 0.4968122463168812
-20.947999904149526 -93.37991406751532 0.5047110859042568
22.98023571596906 -76.2038341430239 0.5047495373317125
-58.429127018882276 54.55706441573392 0.5086278527500432
-58.47509010205736 -60.16174674216324 0.5021414371841951
46.745643414800725 -64.29638492070255 0.5030783974219157
28.138652534756318 39.54922077092425 0.5422304460782812
55.743137246221806 93.98565140911163 0.49939097324737464
-22.760630564214182 -43.344047839042446 0.5375227190402302
60.06808085197039 -29.310424105203793 0.5026264880509774
-47.47674081799498 33.350021683748196 0.5257048763353387
-95.8154033228953 0.8199396858798593 0.5048235471110516
20.2799851077679 -49.46608796864449 0.4666117501120221
-82.40918085071857 0.5591549070615542 0.49908392125255446
36.1326735437444 -79.89003199361093 0.4944118758656962
-89.82552313007321 94.1077427430182 0.501317823369355
-14.259796657200766 -95.37872116172514 0.5015286244063375
43.666253906432644 37.372795087890125 0.5075509953632715
98.0159048283771 62.14801753117064 0.4977662447663687
42.96432028411104 86.40074175576063 0.5010294552791641
5.025433688519314 18.932986302483855 0.47582067038192427
-35.40470031963771 -61.018970144869414 0.513456857361137
-75.15487738032327 25.50705421309641 0.5007533591571711
22.913094641656897 93.03984476034492 0.5048233846518566
0.4016726419712171 59.984335838391985 0.48036168562275183
31.339773259545098 45.117719269102054 0.5308569640733676
-78.04556484306102 -93.86385433223555 0.4987716929356326
-60.92120805042134 -83.42949553643533 0.49727878291984967
-53.95704246533979 -73.93899492197191 0.4962658274175827
52.95180048579354 93.97830849350396 0.5016094643999164
-11.940191935025624 28.95369214600521 0.3749589177779551
-6.309124909937353 49.662707647126496 0.46265409743291774
8.873113304150394 48.71618900431548 0.49684919154526125
4.025315036083171 -8.627847807746008 0.0873607090955294
62.41151716915516 59.4925087346291 0.5066262362817817
46.51517290486251 33.378187385794746 0.49552283467257324
5.258703051277664 55.835161877836526 0.48266975784012567
86.89997586785194 50.369102661706705 0.495997370196083
42.03813194519782 -35.39459476483124 0.5309059119937463
-99.30509192727189 72.87513142743424 0.49950233433873936
-4.738458703938704 25.489612900080715 0.5029206130931483
-81.46148894813683 19.579168815563804 0.503812254118162
-48.04069424131083 -81.24603118780578 0.4951025151357704
-59.45675372540848 3.803401558693338 0.476447070350436
-55.7040543215854 -49.16085352066282 0.5069856085753098
65.750752632022 -70.84198769001571 0.4995449273703161
11.620263687015651 35.78363831683396 0.4152926494104259
97.8145828841765 -43.763933003960396 0.49752319931742683
23.437294132029507 -58.13707015565414 0.48032030131888354
-61.91975468851898 -39.89375665391584 0.51142510146464
-78.80394448620412 -6.645169130072091 0.4955856929327232
49.36527817877209 -70.06864367175938 0.5014763883477352
49.18092518393675 81.4357891382011 0.5009950865880196
-61.06193862759191 -47.71147035418333 0.5051131878310088
96.21401781508507 -12.768670310855356 0.49637224304767313
93.7455984403336 -58.520001073340765 0.4987311985936831
97.33150336640256 75.24537950761885 0.49897351176710053
-12.344284043018774 -29.45335282523783 0.43788899759094635
-51.243808929536726 6.022094522802291 0.5330739146208172
-52.73012920513425 -99.60675390850217 0.4981229101421103
-27.932112589376004 -24.187619899922524 0.4936609324724682
-96.71925100841857 -61.606442120018 0.5024970996727315
-53.48597658980352 -60.429372332180954 0.5033879837585218
-71.60127174054281 7.95592151596513 0.4881355567617317
27.478879779024695 -50.12119227893432 0.4906133407543358
13.728660897203213 19.211269308636815 0.7050524583404973
-34.94640364524304 53.9546291153045 0.518444310391007
-64.63520487842491 -73.28932300144315 0.4964493388200387
-18.550790913058606 53.30959902604994 0.47207640131471956
25.2559503661506 -83.03990620608108 0.5047652148073069
-73.55642277870777 94.86949390746952 0.4994952224119406
38.94209949722364 -56.927027867673274 0.4855256068751065
19.981276392558826 -79.69188231096123 0.4951884515366672
80.15486564996058 -32.86325383314389 0.5061541039316789
-41.73294370270231 -4.415835629359648 0.5412194315697444
55.66806371678845 54.69066703705454 0.4946483989876602
-9.83714318684676 -47.89265905315543 0.5401362081162577
-45.48920044666338 8.270483098110361 0.5104447427684153
69.15866227538828 -76.34703052438019 0.49907263371574284
-23.22999370123486 -22.906977427024785 0.5878724114013343
-11.722693801650692 -43.14879025517404 0.4939160644923955
-94.10214662082102 55.464066947894395 0.4996363923186282
22.500667105845466 20.50464735001276 0.5495691216724338
41.748582254301 -85.74212802172767 0.5030294927438899
-26.911257056234206 36.30947924239928 0.5407459779075182
-17.904103922164992 48.311746836190196 0.5303093500488568
37.6232721695072 -12.19155729757287 0.5644832213915283
32.9134205440879 -99.19802478377831 0.5004055873089476
-28.957532211237336 97.50851336781633 0.5027921442073642
-99.95412774202566 -22.514362691408564 0.5028601812330263
60.096068756518974 -94.8617729261757 0.500088380213014
20.509506146519314 -13.051181307680523 0.5147631149731081
-14.4664246937418 -85.09119605668522 0.5069097690101916
44.098269876021334 -24.496829897469354 0.4627600742662581
16.668176546129757 47.32327949277257 0.4602753956681957
-14.425623102036894 -1.37693043140834 0.7594232153422856
90.68477005035797 -36.15750422581727 0.49599253349559497
16.963586886325928 -72.39039319141438 0.5058584497007456
29.546367436769913 71.83261448080043 0.5016622607210367
-66.42138706991815 36.862335894880715 0.49537508826205356
5.534606216403887 -2.165127411817622 0.1373771358158964
-45.41158879205245 -14.747674022051768 0.4851117289354114
46.86409269460077 -53.31281744291676 0.5113703643287774
-3.296644314017499 7.063345612083637 0.9412514863173624
-97.73877623714829 92.17903283783608 0.49987173000376994
-11.214410325761122 89.65693210796414 0.49958621602393055
-20.0593406307068 -48.453888367190665 0.5125071515528649
57.455851096473054 -40.646365182236124 0.5115448843325443
-8.565848338726283 -96.08578019237493 0.5012750408701712
-18.912397662280725 43.01293657826463 0.45321479921187674
81.07444009812096 18.2183854762759 0.507615013116493
-95.32223098829651 -74.82165062437846 0.5018234554234918
39.173810507836976 -41.02614443546098 0.47362405670025376
97.04896688647264 77.09994718616926 0.5017886939992166
39.000214822911516 -56.730979552271 0.48700595363076377
-60.182846648595365 9.139667298882756 0.516111716913562
-35.620713842095 48.08448852644668 0.47724916582518423
93.65134071008478 -60.11840415298258 0.502476710689491
-39.30925281446098 -81.46991266962502 0.49839848075616344
-45.8150560305262 24.34140989509494 0.5365514121454176
94.96064469594486 73.10164749209952 0.4987110532749636
73.32764261734351 96.78250092607587 0.5011808623171672
-28.418747352728005 -48.5398449718619 0.47624650773599425
14.121898917183316 -96.95192335286302 0.4982688036608539
-10.63748666492576 -27.992213446337686 0.6362045679414968
-53.79339840489661 20.457816259143712 0.5113602860427237
-27.359102717834432 -65.56112285053672 0.5103728254289995
-21.97394569938072 28.57324856346105 0.5932853561832574
48.0564405473755 12.6699951081049 0.48242435464752526
-83.16439920079728 57.07199858569868 0.49685074463592377
42.050668050952424 -44.72200105099815 0.521301057026736
-86.47967718200738 11.683517720962897 0.4988451457403907
2.4727886411839677 -67.11318958112749 0.5118102281112306
22.47046610216718 -97.09480980474521 0.5007038367548964
31.49933453665537 -54.75443702616389 0.48430286088154095
21.65158277625217 -23.055641492470173 0.3861543551487291
22.29822139025852 -68.5952656199756 0.4874276774940739
-76.05799016226113 25.39531329098601 0.5089559683660562
79.2399126829109 -84.63727256198584 0.49801463473947777
37.60941996065375 -55.30872220684133 0.5041470244485632
-54.79788779081154 -73.3016577387442 0.4961529498943048
-75.07269193475958 -5.318534497228498 0.4891639006909247
-65.24966602390046 -64.81171548445266 0.5008487623526375
82.11967893547384 42.1195870574098 0.5039580274405454
52.52480860979779 25.96135006425473 0.514964436574581
12.760855617359553 -68.06745999508709 0.4856816799247538
6.8062369908679585 -18.085034186743613 0.34530307736351573
72.50144516125306 77.45921375577112 0.49955280812950653
-72.21416439847918 -89.47743624596292 0.5019979958274351
-6.83879383696393 51.764545738301194 0.5261962933904698
-74.73886358199431 -80.32576559664795 0.4973839105018498
-74.93593969881005 91.32889470888003 0.5017731086205899
-97.55211234550688 18.54234811630009 0.5033041211163268
28.605990674836335 -65.37588068107698 0.5029613796252207
76.85656083394446 -80.00282334237943 0.5010865125536352
54.548184432608394 10.098459056036944 0.5163904155310509
45.80278977344406 -91.67492840824744 0.5027475593387456
29.260555422008167 0.2899580507289272 0.5571111331316918
-92.04208165767061 -88.65419454876893 0.5007266842306913
41.937326570785274 30.065935206069184 0.5332319255852368
15.280205802686254 -96.21009457637379 0.49546250374705847
-2.5796699281081032 -60.26787051964024 0.49301803409458717
51.801350631281935 36.24056940397929 0.48570904783226865
-39.33278297634788 -60.874426857973575 0.48842202995534484
80.24238958358026 -35.4915128478638 0.4940414398476677
10.272024216561022 -47.22735587700995 0.5335912910375245
-14.19611740827213 80.6855421512378 0.49256967005198643
-30.48790630542149 -33.303419164015665 0.537580059876774
23.58409038261844 9.16923001907972 0.32493750536277455
54.21476902692396 -57.151108622875824 0.4914149046543656
45.259045982973646 44.08981335541026 0.4847269608126537
-92.11913371167925 49.094735738323465 0.4994863010160206
-47.680115285259575 -40.57500021049205 0.48138336880313476
29.463860481854084 65.8736520900394 0.4872521907445884
-34.006155448424494 30.197533682981344 0.5525222225360413
-2.6717707425869293 -83.40327981702569 0.507299537335098
98.76186513876766 -81.14328528102166 0.5006451724306363
-57.87485904570862 -64.06164272064598 0.5069453357199019
-32.97566255774514 61.295734154543936 0.49179427348986804
-10.390221468679698 19.49611758340508 0.2787712636722084
76.39480787187321 -83.93156958713834 0.49817615219297473
-5.895288729778869 50.4575980495064 0.48130002750321743
-91.65086985683001 34.95523953137234 0.4992567975315846
-43.908700644843066 73.04153955664461 0.49490296589627597
16.956723348301423 77.87810930995849 0.5063389065960031
3.138040582791035 64.25332135313164 0.5187375225775284
-30.279250129834836 -81.87250634125613 0.49849116073537875
10.883580224476859 -32.53446705897957 0.4075016932423298
90.40939521440424 -4.312502806126247 0.4977898533200085
-62.65605914523182 -93.69314227132459 0.49808677026201703
16.629602165159255 9.099214393087777 0.2355456144748116
-10.528371186111869 6.887889398519434 0.12748692311175813
-21.485348382804247 -92.1729874377269 0.49645914484417825
1.8878409479808624 37.568277943328724 0.4154559123933266
-85.24736796652121 52.18472649819742 0.49834071421636306
-5.972125973922047 65.83862093729988 0.48329616921104934
-68.63292148716242 19.154365573548773 0.5056577401835098
-95.98218040539234 -96.72272451692076 0.5009184839200397
68.15311086901664 45.0293582422249 0.4915065491754403
71.46516250906623 -48.65974814231593 0.5069033628534417
75.26866374192076 -76.35844377056095 0.4977929978034824
15.584497199546774 -24.871789316310327 0.5793882432394504
57.72151401962503 95.73335155095117 0.502376921583102
-11.087554493368287 -95.74611359623708 0.5019943162017587
93.97271124101388 -61.01104559206871 0.5014031672884312
68.59194449427608 17.61410774290782 0.5133431597416226
-24.32599134003388 -95.76690124304925 0.5041182518311883
-14.930329519817192 33.685365368613475 0.5121671974328723
14.104606507308361 -48.62394573806434 0.47054188881112635
87.28393772990651 50.55818752494028 0.4968781663127029
10.133257932007893 -36.549855195737656 0.4246170470087188
-63.43813978776052 -8.556228336878505 0.5136763172366845
97.30919342681133 65.99646849443036 0.5020353589624835
46.71468454125531 34.53611663744542 0.5260905979226551
-90.34650679627114 52.48303945778906 0.5001851421823161
-19.223945386898905 -91.868071072553 0.49630511447600884
-97.46322182669142 67.82764020048805 0.49936492322843745
-33.72200786998238 -10.176190640025979 0.4765338870243679
-66.22723319316978 76.50104265718335 0.4989738140912385
-8.13036232465096 16.57868784372593 0.30021039260770555
-16.871984160427985 -70.01152464433302 0.48842124005082604
-98.16847388090844 -25.259385835332736 0.5003905762966093
66.90847404473155 -8.710745987599196 0.5160533090572185
3.4320143546008524 -30.361126056639037 0.5202604762968306
-32.739517948306656 53.86782410109387 0.48145911611996833
62.840681197217464 17.41312785662845 0.49925329199573726
-35.60836026022818 59.798216397713986 0.491656840419366
-17.392308566716537 29.09951206486329 0.4724200158810119
-71.64185176450053 -81.85196008674646 0.5021525476997079
-28.096808906609752 29.55719503674564 0.43000538470892
62.73051918242487 94.04638251597456 0.49737964467752815
31.698559310137398 -49.86277879179597 0.49123812842879305
-1.3178854577746932 -77.56529828453513 0.5035366429357555
-96.76664909488917 61.19165854477444 0.5023561572531833
-63.875138571833354 17.049582129480555 0.48332168920584434
-14.535376523075726 -32.421603495110546 0.5358474463462265
38.23861003335233 -57.978507681642725 0.48849617984954147
-80.61613909211391 -95.65316540868345 0.4992459720651465
-62.62334358565129 -24.563163468672087 0.5139487801052597
44.92220393456418 42.44463229259543 0.5100901398664042
19.138511680324257 -16.42732617410377 0.3161761553447484
-27.45642400025939 -13.644265494130707 0.4922362917594107
92.00129023536425 70.1992695670703 0.49875465182529066
-79.87806894542977 -54.447208838952754 0.49938888343726434
34.81283033298217 31.851401247765523 0.45232988027932736
-45.91793753454356 0.03420771302333492 0.5385699575293457
-93.454207145407 -84.29616939157954 0.49836451698477424
-78.34854945760507 -89.82890808507341 0.4979833551293241
-93.51382506492318 53.40346360736311 0.5005562535839976
5.980071753504163 28.123490001864866 0.41355090798026306
90.89390625719426 -37.95025933799536 0.502632111767437
-84.38403563991682 42.44738382862997 0.49536672573218715
78.37495576443695 62.71818268993664 0.4961080726430309
74.80924344834611 -73.11093089479117 0.5009978896736401
58.23498458442222 -88.38794496564299 0.5011890847705901
51.55241373282092 -93.85549253933935 0.49723271111995576
97.23317189636097 98.12888095709147 0.4987790098548874
-75.32721319518333 -27.836966823656056 0.5083301536594484
-53.33199907982306 -86.47566851529334 0.5020887457917447
-94.97473417199546 -70.95634235622488 0.5001821249740321
-76.70048219162138 13.88014183830309 0.4962610898664575
-67.876398923487 -46.189133746538346 0.49443017306198533
-81.22845773004997 -37.87216983863948 0.5060338699477291
92.06372494452188 27.4584302697004 0.5041805290312216
50.933165214091986 28.539858414444353 0.5222030216393634
35.47669626476048 -71.02167828641973 0.5012000294103398
64.12273139948675 -85.56131099133233 0.4968410652048851
38.973450308159386 18.184397908859438 0.5228275812221156
-69.74030126369317 0.6156470295314023 0.49549748991364556
-93.72506594941686 -82.3574942692592 0.5003973449439518
-3.157859762257104 26.646753177414652 0.6633535710706936
-3.7048192182234487 40.37340485629039 0.44077016001981656
-75.51194808249102 19.178009675709376 0.4969516746545775
-45.2964057805241 46.857440041774254 0.5005842423215299
-21.942222391979115 30.395017993409567 0.4211976411911088
93.38679460979264 26.207202301305642 0.49675113329694287
11.571956185253256 -79.992187766315 0.5012494848306159
-15.9865744124224 81.00706626093995 0.5016678095452248
11.578521760385314 33.350006436988366 0.4920506268641847
5.733171912780804 80.83561180600157 0.4975424542643314
-93.68235350148173 -86.18890435055985 0.5016753164375152
12.535779083382664 43.933804843294155 0.5505802324363698
-13.81862862215229 56.53722818350161 0.5256261580119795
90.89081610762236 -93.52147752701545 0.5015378663797477
-49.610630156222136 -78.59014514944 0.5046616361574638
-32.4188409695864 52.67618626136016 0.5081115661461362
13.812139907863582 -80.052140776948 0.4945696054424045
23.188121403548735 90.73014816681268 0.4981152180304946
90.75288193260971 11.3782385274461 0.49569339210821883
-15.426130967266388 -62.081809776824294 0.5124931407106034
-14.844641345365005 -45.719431573911876 0.5143263051004618
26.6447141571754 33.334149110807715 0.5543372613111602
-7.454149003673777 -32.62994506889552 0.5630880620466486
15.60856772357404 -58.26545617017045 0.4928773461079809
-68.84269833041088 -69.32309487825367 0.4963361423945689
13.1974757873826 16.925813151897145 0.384710875744157
8.028222050540592 50.630438766706675 0.5156364066686353
-30.411368669335175 23.660938866905084 0.5076312672603087
-3.6532866412030387 7.15352796175992 0.9134329286778473
-84.1006203069095 32.45973856044154 0.5020404776958387
-33.09106704324496 52.78538218838358 0.4898017876713885
24.873992701177855 -70.63650518031181 0.49400945346910147
-80.75210722410542 -46.610418395405674 0.5023030156021256
-33.72401355490197 -75.58403368582219 0.5045739519822363
-54.43036091099955 77.66664962486195 0.4981211441503598
49.84007589335047 14.713635985551221 0.5352800243273411
1.325984312395633 -51.646388714904276 0.5349427902463322
93.40277706723191 6.5616912729497585 0.49824621410812897
35.352121206105465 97.03326570732469 0.4974398848812137
-83.3752545736015 -76.17403198819494 0.49749795273125524
-22.3059139536726 10.293748437478385 0.4174545123778204
10.45583232473939 56.06055035248622 0.48407658029901596
-49.021283943151836 23.06630061413526 0.49899687208839055
80.45961922998453 -56.244147451725055 0.4999490876868451
-66.57128765146558 -1.0920248802960089 0.4940770408951212
-53.640638266400195 22.714559433645107 0.5250039055801372
82.58952868571697 -13.34627419375343 0.5053453953984561
15.06824342012088 62.18556042946699 0.5129314539480018
-59.97186040492317 59.253058473827025 0.49610644376047297
-45.122711634635834 -97.22160082356876 0.49762548259843215
54.30672937807972 13.354025009263609 0.4906988661493418
49.268043204657175 79.99397735138376 0.4957202622843117
27.501786416877437 53.527694946412225 0.4869276467639827
-34.871757594066466 -58.57815235268631 0.5048573185092078
-19.75186376953397 38.36879653571694 0.5051833476287454
34.65638387492183 -5.488456268414652 0.45103384561053467
-83.71743107845326 -11.559661242651018 0.493872866214827
74.26559685390174 65.38594092460156 0.5042928076102188
4.927822055397456 9.966052916265397 0.884267180904261
-81.5157459963913 -81.99262904592086 0.4992158409978963
-70.84043911038526 -66.44947818884859 0.4960193262303064
-36.68806352459253 81.93038698341525 0.5054362371369344
62.38164127607152 -43.60663600999788 0.49844915690603375
-97.72193273024176 -87.78724238564656 0.4994122800576114
43.65152653193306 -30.048659722300684 0.476630116392308
-53.24226693052936 22.836077225129102 0.5245358771806568
89.13026591232452 -23.829165875494482 0.5037188443575357
-22.91697619892534 -53.609744205163736 0.5241223168137303
-94.34988977326815 4.836819144656388 0.4954341960126734
-80.78619921210316 3.095873279949174 0.5008879501377852
-97.13615143119192 -74.57532328245532 0.49806028355430165
-78.55956742297951 13.040535510158605 0.5053798654643687
95.07639742120355 -41.64626920700585 0.49650528902023006
55.0860066710101 68.36601742352926 0.49377207805654366
26.19188608253991 79.04168513726009 0.5079397203850778
96.04245530991781 87.49392723100578 0.5009585347588525
-74.98233173043234 -11.470453839676281 0.4932965771913489
90.71683345123151 22.03684058541546 0.5011284121434731
-21.388361233422316 -7.789420280294195 0.4939599916261642
84.27237849974796 -83.26723219960428 0.5005454779186433
37.51089494502895 -95.45357371126563 0.5022966121728204
16.471383621550302 43.78584478354557 0.46190798687475104
-73.57894104986624 -93.06088570356528 0.4998260657642093
-51.71960069830253 37.82989875281177 0.5152806092848213
-0.5131658191333912 -1.047913465529703 0.844548901305791
-96.7160326930634 -68.53955963944382 0.5002441021348707
-81.30734006847206 -63.84862602972008 0.49694646654460584
-48.31484281824321 -2.7842565104773342 0.5369619512337864
-8.269437530582863 -78.42431698744315 0.4922956460576181
77.68299638689155 93.86207439446974 0.4995954972082241
71.34872922260197 57.6606800169302 0.49826736502946006
-81.56210003570442 -89.4239753957294 0.5020144322955844
9.936100745932649 -83.63201073296611 0.49727394141140563
-8.881834998781784 -27.385691867488433 0.42320693620898947
89.09585710651297 -88.00328865687632 0.4988369176009778
3.686685911240147 -99.70209580209135 0.49979451111843975
85.16472366383141 80.0950263209522 0.4994789751550124
88.27787786790131 -26.580292629514446 0.5031388205633818
4.283141014957238 -24.985403161906206 0.33188953774116403
-94.56536232082296 50.86143990600661 0.4986200044541311
-62.36574918534974 13.95080027767095 0.5105944220964531
-51.49808112318863 -17.693408923735433 0.5158208421717674
98.27592585689482 -51.27725982596489 0.5006065248570147
43.12248024176742 -61.76534587940865 0.48888282036694963
47.980769090258406 35.54844104054155 0.47604432916865186
-11.1891496788012 48.702836004396005 0.4659771236167791
-3.655869177286746 -9.179854417760083 0.24612501021707406
17.287007491643664 63.358967779081496 0.4853519092412981
-83.949611981537 21.731103803204817 0.505501499267151
37.29741788434714 7.773571345553989 0.44201161652794807
-75.28610136044227 -34.29104748516963 0.5040505884441983
-43.287651715780086 66.53061298390705 0.5009035580912808
29.249868957773714 92.12011826995587 0.4995486596082773
83.17317304052924 -52.06162056359833 0.49954546229600894
64.02422984147009 94.39514820111651 0.5008815029848267
-87.0064599329012 -58.453065577925045 0.5022965664065429
59.649019655719485 -74.87383723323897 0.5047628946788781
-16.146004887114714 30.041987831164903 0.4338477863905361
38.37946651092946 -49.5823108538811 0.48014192785465926
-1.583368903152163 -93.01776347211197 0.5040729956131712
9.83856315058236 -10.995690891317238 0.6110638938687516
-44.78411242000347 -10.658109773637776 0.5293209943839071
-38.21168498615046 4.85156382381102 0.5054968727116353
75.96660143503917 33.361933013763945 0.5067925421979351
-85.62321524324558 40.90957218791411 0.49863035632368113
-66.43053908326584 -31.48773044171209 0.5098903310745113
-43.98999506120029 28.561731598612937 0.5120343440829683
-89.20896855324385 3.912902661865729 0.5055038745485374
33.65320301451979 92.57075500975398 0.5026306602257805
-49.8896244592808 -39.291033338508456 0.4955674473936822
-35.69598381200154 77.13884014326564 0.49305482843255743
26.269189760424865 -59.46860897221124 0.5063054586903813
43.26176932882623 -78.27721026382974 0.506054177078046
-30.536329255960922 45.23372280011267 0.5219296480580526
-74.34792919036104 -82.89833246965634 0.5026208229644153
95.79092516791621 24.94859548112987 0.5042820573498208
-15.931075372779574 72.31924166621724 0.5107015697272432
-84.87098416130677 23.661219672854926 0.4937529199849429
-70.29156142684872 41.4196985892508 0.49162125256389466
81.05040706933872 -87.26359523515141 0.4981706685047272
-48.82539412779969 -49.043040709552876 0.4853143604423513
24.564199725104004 -11.09225806045822 0.647380397052746
-9.549624100344161 47.669828541909055 0.5436605562332084
13.005809622725238 -97.19636548287495 0.4990135612828906
-38.989964880056924 62.76333682010261 0.5118951884147898
82.1609773556657 -59.88657086302924 0.5025289235028331
-41.714629901017176 -14.590980022542126 0.44767086944934814
12.60325987089503 7.5617533133585795 0.6469961807211944
67.32628019946719 51.64895879511789 0.49258037966742774
79.24866778158227 50.881612015198755 0.4949181640828892
37.786960403650625 11.763871410673872 0.5621536027978475
-90.65139101383453 20.300010687813312 0.504880378333576
-90.54617172679119 43.004136460744604 0.4965799110586757
-49.07043616526916 89.45693301349704 0.5038025637262049
15.9857451287791 38.4023870880128 0.4960610807486664
49.1643410994819 61.55003376517968 0.4914177195885532
17.77507696358323 -88.71158005127329 0.49820293071657656
5.157384353004318 39.23761990849056 0.5622152203653251
28.596785282029458 42.65932627736743 0.5217479608228661
37.67338292060913 85.51079883712836 0.500216678839699
87.77896840159067 -8.10322416108123 0.4939524977509559
23.69522279318852 31.7075368020177 0.5614703153807489
-27.567934351578828 26.44281506031318 0.4554054546907226
-12.847127072513345 66.6048607295103 0.5133597889631785
6.362359587983391 55.09303147546552 0.5171976551820214
14.951344095819351 -40.360535371279816 0.5188672421017537
95.80035636026511 9.943888309451339 0.5025860652538445
13.126620114219364 -86.54395481019826 0.4956604712509384
69.21029112302111 -11.918001487867343 0.5086777859673225
73.55131731760508 -1.3751719840194596 0.5105153389093505
97.68049774064704 94.96281740208798 0.5008599453316623
99.55587149490509 48.349483628717934 0.4996265633946493
-83.40968338500193 40.071281945876166 0.5052511650059063
-49.59960451704393 -71.61988979199336 0.5008286484498519
34.88440552603126 -86.02792612166212 0.5051486232676884
32.57765274771734 30.934274446238334 0.5169577895942148
43.35939048467188 -63.29475856480982 0.5092830023654829
22.904336048827886 -75.75106147350826 0.4965341655347504
-70.88825549728008 -51.17784074951135 0.496761730575476
73.96577887495582 16.406962874713187 0.49180422340309926
-16.876526852344483 9.870472271531256 0.4562883911078823
82.67840327797597 19.094593191692226 0.49257948052672773
-44.30698759445064 -54.31323817568967 0.505373912879639
