68.86553690240572 -63.39114990646515 0.4985769703342522
-51.65159626197637 83.35049158469204 0.498965212936038
49.4413300240752 -16.146423045704708 0.5342184175345853
11.619423420500866 16.87958010923454 0.745433120112487
26.658113869071045 -38.58556505419413 0.4560214020730646
38.42795790979446 -34.944513802482334 0.535772786507139
-70.32599135784683 -61.46084476075089 0.5006794465041933
43.45967553271356 -60.93838440052621 0.49480056913471726
-71.6835916954544 -60.74479631233511 0.4956582942062383
40.64851984755563 71.94251758246565 0.5026452023640167
-43.84200193235872 -82.43810730333007 0.5009611476794833
-2.9417306360045785 -10.438560197505979 0.8823194962765311
-97.03277703976909 85.6465510076761 0.499482083519444
-66.71378905758401 -50.96239816531156 0.5013190962598681
76.82925524457369 -43.9286373352193 0.4969406627213191
-82.755968771639 -99.2212330884249 0.49888189143235373
8.033256613390023 -10.902581424356825 0.6329198419201535
-64.5910947356009 -25.77542416308063 0.4904023427878332
-44.12262879810345 -94.21462775277666 0.497320667865302
45.97300410720669 -12.376203315030352 0.473578857274654
66.3031176489583 -71.55876698212688 0.495721798372505
-28.05912648426701 78.30481060551313 0.5078908562900623
31.647294105846072 -16.82470522726915 0.5804741613351905
-98.39950746008388 -72.92500658452852 0.4980550844088846
-96.64969875531845 47.56778128628767 0.5007582918411299
-95.36446146858462 86.26560967492222 0.49851856753493534
-84.38567002420248 -57.273797058270645 0.5037446100746628
57.42261302413766 69.9308290898305 0.4980806578647176
-30.882883428661074 12.671927803864207 0.5787448324829303
74.01322249740656 98.32023234709851 0.4991033301500658
66.83258815030689 -94.0968385008569 0.5001837350584993
85.78402594770907 -48.3205656071894 0.5023388139086508
71.88411658942661 46.8296859593583 0.5025742550101276
-51.011714582692136 23.0835208285918 0.48711273532774374
-58.56437215462351 -33.47323901216099 0.5159760064718527
78.46978798866073 16.92104099632803 0.5085491340969084
-95.50773018526833 11.906776810451959 0.5031076786301611
-84.60427780093946 29.09702290016952 0.5061106935023534
-23.050961440962837 70.33651417670893 0.511063381967182
-73.91545781084119 -98.23471027082498 0.4987006189980563
-7.28993904264739 85.72598561002346 0.5053395896717903
-62.20874020407605 -91.7495425790311 0.5006162406287641
-61.94198954765386 -83.60706218433036 0.4974094022599157
-73.09500892322643 78.440339037824 0.4977882397908739
-30.614879253844407 49.66550097229825 0.5232413750315533
64.82876159486602 -86.84560673220429 0.5030774534995408
17.30256430894181 -48.667958644572295 0.5346735783517877
45.83875717773017 -60.52528615064092 0.49458381341484847
-50.67314827472698 59.917036792758296 0.4903311533743117
-60.58859771867085 -31.125717580057483 0.5065144099821026
11.699169390255125 -4.679687348539729 0.12849130225603705
37.43536679034264 -96.04782366274497 0.49857188580886336
-48.87862426465 33.01385082714976 0.496104290415658
68.3256739572391 66.70870871959877 0.5038699524626344
70.89541214542275 -63.70359120635837 0.5025988085838007
-73.15297990922417 1.554790665817971 0.5031234516161817
18.542931716475135 -85.49059261905612 0.4962370214050029
-23.984297471978152 58.07073504835066 0.47957331781365975
69.49992518114684 84.24188216638593 0.4997599320650234
-71.61584038905555 45.34833324108536 0.49258540881241336
69.61146538299822 14.583777882298335 0.5087444459360015
-30.73951971929444 54.75368735080448 0.479598829969133
35.352871512966296 -67.75264285465221 0.5048944916969238
24.19415889581619 -36.74323608227053 0.44198759713444974
60.64685024502593 61.55020742362565 0.5069722305577785
-4.4998856160540175 -27.527248245998052 0.3857308451782726
52.91247584856236 -71.52112965965584 0.5026374953493832
31.441123900923404 69.55799411903038 0.503175375968946
-79.58041650167378 -73.50868799653004 0.5030671404177902
-93.53109671578277 14.777393391930941 0.4968199456461516
42.45557552972071 70.98432447822209 0.5038277695844324
-48.28668770633576 -20.913871736335118 0.5000311998940374
-28.68228775708218 2.2960538195734594 0.41907645388759673
34.72329347559285 37.05474400171854 0.47997014505180746
4.504354945173217 42.89003335831405 0.5086505127045599
27.598402876032885 81.75422085849502 0.5068504625806384
-71.31011118783738 -75.44829956179004 0.4965409100859949
-29.829230409130222 -51.53776520574867 0.4767823056409753
17.96050846923733 -64.56482073821645 0.5081684024472632
-6.770928023307045 51.00725307245409 0.5271571836507537
7.869444958441774 27.803041389584884 0.4520338099905007
-12.172923895488445 47.9340690804697 0.5020623190013971
44.131732926297026 7.064272509318546 0.49177864542160715
60.73569482687567 -23.84732303317382 0.4977762934553878
-57.83050852706878 21.846747344861576 0.5094312106266271
-28.031232684874 -12.74021727914959 0.4585281644274334
-42.19304496442265 74.16016218515087 0.49605723555993614
-46.82646016278837 -61.95803483218692 0.5018420500877011
-28.797168263651614 -60.86454239684744 0.5148957863626528
-51.53303391793765 59.26065583987446 0.49026804143032593
25.389948664707166 70.4785049456645 0.4935498939061442
-59.50990194892481 -81.34116599822836 0.4964949702887309
-12.391287593334349 -47.77186705498156 0.5106700285386674
-22.058516930338588 -4.606672919706242 0.3976083304083707
-62.62395913595251 -58.88381018669836 0.5045906395180314
-62.3814351856662 -53.09585230691188 0.4925166741572624
-32.98068497073378 -34.20853573214386 0.46677716813139597
-30.208688503976074 49.84550133169438 0.5244560630167955
-73.6381022545755 7.303593665073288 0.5112241619979012
59.647913443420904 -28.24655062589707 0.48258973975625136
-56.16258624709814 71.81573886374204 0.4942785950542579
28.36507198596511 27.30531838239008 0.5752855463977642
-50.020211860691965 -1.1075095320519421 0.463603808391858
-31.24177246719008 37.6519633209836 0.538863182567751
-47.14795456937891 30.85527920195778 0.47361766479308043
-41.56662669336747 -37.28877213437539 0.4954249695803595
-10.84883336552656 51.925074975326915 0.4741923827702018
-78.12379916128732 -60.79207242168411 0.5042798974582706
10.852265963154775 -65.50307989528255 0.48865526064875203
66.70275018957652 56.001824394066155 0.5011428429288817
-16.761046274855808 -13.516981858374317 0.35816126204069654
42.350049373145005 -63.879180545761926 0.5084044397608466
5.894550401155306 -64.71883299919884 0.5071817344022447
-57.24927299072483 -4.229127828716176 0.5038461211286253
10.288091438103715 15.15602114787474 0.3637132685875837
26.861303887320258 66.70800278142487 0.4898515402208789
12.858710010661326 70.82737171146943 0.4887978425859653
4.067985057650976 47.53162753445817 0.48152114536376
-43.38987352605643 16.853597363311476 0.4797055961575354
45.677045985654615 43.815818535456614 0.4880041082252894
30.894966324463333 58.589530040049006 0.4850961732167734
52.49204473683213 -38.0484725245783 0.5120868889464268
-15.342229937589508 -54.04772544418964 0.47845624139224174
-75.28841333124477 28.159000684974757 0.5076900863233822
23.494475599022792 15.765280318105253 0.3458864924685727
-21.034870869112815 14.510756093767553 0.3783212030987795
37.40875193407636 -25.087833319037163 0.5284570450585231
11.474918696445368 80.20777936306725 0.49778027125044616
-30.550538667168468 39.442701706647654 0.4699465468153076
-23.257923935473485 -38.916673933267006 0.5486307904877165
15.783635220456748 39.02463908288835 0.552513330823262
-81.09314133189997 23.777187267275266 0.49391264289007447
53.66462912223827 -19.981843058870147 0.4961864929737756
-10.634631490437545 -34.701068361918125 0.5880452924850534
-20.51356420135494 11.451317884516827 0.7056481112701767
21.016125968961884 44.16745972490759 0.5393844302689922
41.87855663487362 -1.0895175784609097 0.533486913006314
-24.57197260240325 -5.934334140299679 0.32171508452534675
-3.3963537862272 -25.999968925865502 0.5999252489039079
34.9704474601118 4.906077158635463 0.4940608527476412
14.484539774385707 51.49226296190578 0.4669318210712509
7.655831788067047 -59.95499187475916 0.4984380796262643
17.44365811512612 51.731115594866964 0.5226595001797861
27.08861248349523 -64.87328808587061 0.5101835148111767
66.62836862568325 18.559054342108073 0.48512739309588476
6.26994238174133 4.46983288999585 0.9246575050172227
-21.70743304093964 -0.5619849214649584 0.3034970516217962
-75.85787994048562 28.46858531775561 0.4977889144330718
8.425927184484268 -44.32757618566999 0.5352446248080182
-54.567101315058345 -31.9874043220758 0.4866467344376137
5.037490259321298 -25.68444435636046 0.586161504829516
-44.59444004599935 -44.88023254506286 0.4871678718625237
-6.899103044334855 -26.615944105604402 0.4978501303614934
-50.12449577720812 -63.862678528544095 0.4952680626553388
-25.079061951915516 -30.25022815568053 0.5771631702797091
47.71585451959853 30.122726143762243 0.47226075754218894
-7.074743045004239 35.28156801679528 0.5910105871687548
-14.413735746261219 44.86236199033419 0.4517889635372269
-43.459920379495756 23.608848196008626 0.5018176286236682
7.391763505751322 -26.61890477575275 0.4564152617537939
39.32200665701908 -40.71067748611728 0.47185357112280985
-32.08210886743666 -16.98995677126862 0.5874291439675048
-1.9742599413599589 51.980951177216284 0.5340172280945741
31.08558843730919 72.85829475523308 0.4978909879459225
-28.865917424694402 -0.08439455631494575 0.44379816753916723
-18.356240938011563 -50.50638642127234 0.47393346681669346
-26.182358671803406 71.13010837024271 0.4923054476316175
-30.36755545889552 -48.3140824964172 0.4858654209810309
-16.340686041282584 -6.30945658201499 0.7603019519464828
36.23059742525645 52.50798656565667 0.5067545748562461
-56.701298265809406 49.51917073764536 0.4890609812035272
-43.501459346434594 47.1823887585392 0.5171563414289253
-26.922764684626387 34.331865756294164 0.4548707371087729
63.39987633450731 -19.443862301537532 0.48667731416177934
-14.789504750307474 0.09107982881627752 0.5883476938192971
-37.536719229365666 -0.39084617885827555 0.4182457712739817
37.53751580926065 -26.590101654985894 0.5321713563613695
4.173983669737214 -64.43767730425269 0.5176370708095471
-43.00789748528324 34.509895545196535 0.5289947852631283
-10.340025447403805 -61.24316018875589 0.4973181007980653
26.813383913723126 -29.563535443219187 0.5210373156312254
-30.654666886131928 19.173834720358318 0.5937603099013042
-21.484961355524305 -17.630402666511635 0.4091437237719117
14.052278811859658 -27.075508806183862 0.5333505206881707
3.9959780863068204 -16.087349316713446 0.5507478707746618
62.76023110559322 15.088075906773762 0.517941438133219
27.904528933224473 -18.079520628665865 0.5975587596898866
-59.43557352921543 9.56308831596535 0.4877510273372748
21.685718169779836 -3.7841884613463206 0.2733655741400137
44.48681356613152 -53.04518148614912 0.4854959124882878
18.235007909434486 -26.493852564579264 0.4906790077930506
13.865068359041878 -18.95613488221509 0.7052801582312868
-10.630526078247549 53.08783887855282 0.49672228891828457
-29.29894289946545 52.57415170354489 0.4872268326784951
8.718253273538668 -5.368232503125998 0.5231508885773596
6.625490112905291 -3.7005606550805608 0.885657615278612
29.360749876669246 -28.104708768458146 0.43433932210506826
-22.865680522985244 28.26992101265378 0.5829794947081806
22.591850666175144 -27.330530369910715 0.5226007723428098
-29.684479093267004 50.539073562863464 0.5140502758992826
6.0338976809861276 0.7662464740571693 0.07204334750935099
-31.40150409866768 -38.96136756862844 0.4633343829878777
-19.811140052812885 -8.406242409807138 0.36237004095042974
-17.578894967964775 -34.008766072266965 0.46779354342767937
-19.100899454576012 47.87540193330918 0.5312265867978238
9.465495503367128 -47.77684390331139 0.543957869876697
9.370669454313209 -20.424979756860974 0.3736904504601496
19.93712190924198 -0.8880714845203396 0.6535148295430633
-4.016149214595428 -6.423806158934764 0.8798107127601682
-30.929054849734037 7.710743247154266 0.42543533854442583
22.479392656540792 -65.15822987084678 0.4859395866810492
13.486070177477684 -28.648971769312748 0.39041544900077024
17.7601576916529 -30.39120282857542 0.4719020391405562
2.4830984240892295 28.57584820743311 0.39715319686106376
39.43008061671057 -27.00743588724735 0.4892792249994323
-29.487116076229388 1.7364798747306103 0.6165670659207243
-2.4131233402840224 16.63424217889253 0.679088917975015
-14.227865274241644 48.984473851711876 0.4967702116657946
-26.63190668962359 35.6769890325571 0.47335640164967385
-15.733563578097797 21.0090105992863 0.6072536177135848
0.5133613853260246 32.46148598802108 0.559752502120126
-5.953970581578677 28.361069732422752 0.4763411590465435
8.164933305326127 -1.712587167302777 0.7444419348466156
-24.04059344954964 -28.961389847205407 0.4150039261743362
-8.232225537401058 44.36337852397761 0.5351988439148176
-9.09626400291145 -34.6426271640293 0.5779330836028669
21.746577967509154 43.69518288416459 0.5425995121601133
14.406853690746258 -21.35267520582552 0.4432445943668233
-7.252105443552836 46.24591531960823 0.4602029363308616
29.817433763897895 -0.11503736086950056 0.6398967195225674
-2.019462009831266 -15.88077235076929 0.23877440587249166
-8.865034389685524 21.74242012817623 0.7049943336778208
-0.14890387823807316 31.547114490605924 0.3787244912744482
0.09551810325452115 3.1053181901534854 0.010702066296370327
21.958964826317466 -16.48876783360829 0.509257492278956
3.7738115434555968 -8.407538963248872 0.11183017339030071
-7.951126017245849 36.47444401251321 0.43532910948239895
32.557141775689914 -25.51742702920673 0.4661307666779229
19.13542062187684 30.976008362909 0.578170875135656
15.004688917190165 16.06691090134631 0.27276627709805423
-10.945891783196103 11.507764909811899 0.2002881240908761
4.638931795673322 3.931759775350401 0.07252833980978385
9.020505204192567 13.283801296390454 0.2579167199470429
22.60498398387704 -14.22871930865337 0.6702908179502423
-14.53678769945382 -2.96124315547642 0.558301608023141
41.63176799714623 -35.40956877382619 0.5250762238110399
40.8537267947571 -7.32052149263667 0.48374623926509036
19.503982799693503 -17.44896951694126 0.5850339635519504
1.5507835421957203 28.12991647007324 0.3477964153192764
-6.468656424190607 12.15480083068635 0.7617490290528681
36.49997382636847 -13.157444830821946 0.5468709205192078
-22.14780818205815 13.641834878774869 0.5332000538851598
8.226161996915689 2.8947901321670177 0.4301290682827015
6.607083111907447 -26.066800367439438 0.6566856876117497
-28.10917154102957 14.109492566353794 0.3739609278113296
18.183173128789807 -45.14083257608961 0.5439944600718856
16.753942569753438 -28.073010806553356 0.5971541201356834
6.736217617135079 12.75313928342259 0.7881981076631079
7.020690042277231 -17.916662537959837 0.3120290438564557
-5.86854427927023 -5.421489790339371 0.9256657714152121
15.570643274359433 -22.902690495104867 0.43603783031247156
14.189921004171241 9.87634415166005 0.7963036088838407
7.681860765866137 17.513188268816624 0.27127600209858993
-2.259985431305195 31.905820860150264 0.4489487248053041
-2.164644475841681 -15.051518382771993 0.32267420423150067
-27.88528370617833 6.153499742418288 0.37176347455073944
-27.434372165318855 -27.428089261674693 0.5461838022040995
17.212119372729493 31.66439414107178 0.593141470857187
-10.727987114688734 -5.05643980508905 0.439587388266474
14.770843968392434 28.40715857326152 0.45626681611512143
22.516088507409187 -43.31791791053934 0.5423077161282228
9.822857217238106 -28.1365283128717 0.6397236234365264
12.593200912386795 -27.19174536510948 0.634742690064647
6.072779609624097 18.457888139462746 0.39558780080530537
-6.106446095133942 -21.95128516550502 0.5035807593284534
17.95836666178443 40.38426433399425 0.4478904317168286
-18.788220885101765 -38.059846604338325 0.563564957643384
2.306181886349272 -9.633856202617046 0.26305947481603154
30.930537117122075 -9.425206299530986 0.5314985698988455
-13.558333901714079 1.5049103616164423 0.6946723751917093
6.930144086176044 -25.537776899148305 0.6530772024298359
-26.278768350687965 16.994737923995814 0.3760808249834522
19.203107701975718 -15.34064569733896 0.4133867965500885
5.694425546144324 -16.523698298002866 0.7705413615666807
-7.809948756559359 1.7071093181190085 0.9244422862674928
9.247384400668427 -4.741816435171353 0.645056403830653
-15.01258863056147 -18.899398585526498 0.5817542762335022
8.543709955772899 27.733153860935705 0.48811346797693417
-17.729128073052514 -9.210404522236383 0.6621340747842621
-10.256143694245463 15.817721038696417 0.22783140069465868
11.00805873767089 -4.664322788809976 0.3691132619897647
-22.846554187345912 11.822100446602443 0.4314660283339143
-3.742178546895264 4.24652087315072 0.35026189671311814
5.991395399551481 -1.8295018776662988 0.03737239602326936
5.633473754122094 -14.468324946261308 0.19655069718654888
-31.961193102190173 -9.132673683302736 0.5986346551236623
-15.368527879444088 -5.912865475808068 0.48353430446149476
1.5217865727364313 -18.607411784207105 0.24269003076415807
13.923895797546056 -23.990412466797434 0.4236055051212478
-7.949996109751712 -4.884937237672265 0.08432596707755091
-3.273364349166502 -0.4828385065052432 0.03786752976814106
3.473606625849401 12.602113655915014 0.3064627720457943
-6.056401989662842 -20.752126007095026 0.32954903017268755
0.9823928453090529 -24.24088732854611 0.5341281090149553
1.7378196197518014 -8.897376215860875 0.17861582343694382
1.3609803801813154 -10.602354482235368 0.8295163762403498
-21.30340705667429 -5.344819605598417 0.27281424497298024
-12.799876101755407 2.697170254499279 0.3120600935244322
3.2297370956934346 14.655928583792571 0.443640805153153
-9.011811489932278 0.3917129115034628 0.20484348555585996
1.6866713388713412 -22.179928421763737 0.3042288425471135
-5.737443267932502 -14.199527795056483 0.26821394807307153
14.557134372444832 16.42471101833811 0.27312661193812604
-14.682405667584035 -27.631160470496653 0.37637763174362465
2.978104982182599 -3.4912448777748746 0.9650336083297449
-16.949143803678687 -4.657115388472457 0.7413230711058422
-13.962780084215055 -10.694185702605619 0.7377560955391953
21.970792465618388 -24.59584564884384 0.6147109471139988
-19.744881311538293 -4.4316813820523695 0.7347809233645239
14.328927818501574 -16.875805964016898 0.28451993812933274
3.0049212438465727 0.36201772148722333 0.02195232773877759
16.840146799028354 -15.927941071283158 0.6526445426645753
12.572289622225433 -7.5353729785433226 0.6712669758486447
6.591378382232398 -4.501355853851384 0.9275493085716253
18.830670102294675 -2.2219116960389176 0.23621279457025457
9.982191325524289 -7.983172576924193 0.1643438917712136
3.8743899250764287 -13.880504087434767 0.7926509172596427
-14.792078466894628 -2.6298411638279293 0.4329233319402777
-15.550131884688598 23.91473018985082 0.36682526943279803
-13.288634949136465 20.66718192459763 0.4160085569623667
1.444917183787485 2.17417744919133 0.25978239031813866
-10.10846944963063 17.51513742551896 0.7324604670096053
-14.428219340244077 -5.532395744622524 0.21577579408709252
6.2584904628006335 -24.84742446973781 0.39873569898895994
8.061925067833627 16.19245234476363 0.486243633318217
-5.628707233280978 -3.080631378541714 0.055082695424467476
-3.5578011708835757 -3.625321626420722 0.8527652667397406
6.977285817842161 -12.20806809906115 0.8445384638895865
10.65745371397657 -15.256415405771238 0.25516552304462237
-15.7791231197563 -1.33073251331468 0.19066728958589746
-2.766655407009917 -6.8347882042549 0.7576042732407859
16.516606654430824 8.011224728789479 0.3453981123064631
-29.123936912800907 7.786075320290235 0.6130057080784778
2.1953951577259385 -7.569317933998995 0.9425685958612604
19.52015318266953 -9.865305406231453 0.27774831395920385
-2.7645969649024025 -20.784328093555324 0.6107035193473492
15.420198810556835 -15.12798922698272 0.3345312533911923
-6.5828157606225215 11.311864045490303 0.31643591264188997
-8.651252950160508 2.4084497666929074 0.23020126472495062
0.22797660107690287 -20.0449223528971 0.6864630277073512
-4.624806981013364 7.304136501559374 0.4949729441159284
2.3710062167649477 -6.314114892221844 0.22391156123830813
16.59188189540015 0.6159345133351639 0.5670207479246872
3.7772878549966205 -18.50635477511592 0.22917451599485672
-4.403149396365263 11.008660833712174 0.44210751643771984
9.118704663606852 -24.821692408068458 0.6502924301503246
-16.52395318706832 10.79396914690289 0.5525050205549583
-10.0690533650771 3.4114352834843764 0.8011290977740007
4.927959457904388 -8.137224257626166 0.08608894926505295
-14.759660123914356 -7.311648786473418 0.4864304569147207
9.125641747379724 -13.311598822718263 0.2952994627246099
14.4745292151619 -6.546518452299857 0.20123358765441135
-11.023334197576753 0.012227987629309212 0.896908639813323
-1.9093854193335351 -5.708653434243078 0.09761782136814923
0.2849424776159162 8.379425194166561 0.7131633316796319
-9.071738614965328 -1.083204504222661 0.14307413053095902
-12.148606535785298 -1.947702965029367 0.17367717750548956
-12.768846549013691 -11.116423809426113 0.7314227635540476
13.11280212411173 -11.45251162179816 0.7843753129049318
27.189245118173144 -2.781056944402818 0.5508596369528798
-15.40747295708718 -15.199779689171145 0.3220668079461252
1.3089734003418094 -19.757258895506396 0.583911476714348
11.858378985006878 -15.0440509180358 0.2810529194355673
-12.991833162405936 -4.256278338101271 0.711676939329806
15.652467065936845 -17.73089225989456 0.7023440619306757
-2.8856361516183906 0.8726994255225407 0.02469095663312476
9.128944667654316 10.633517190748293 0.8388687107683903
-6.735245743391981 -13.817680655553684 0.2440625548233929
-10.490743086366074 -8.126721123406037 0.44131955903707926
-11.907524530485642 1.9689079221136478 0.2923638100535264
-0.2999599191059591 -8.78337536379443 0.3733969430629629
-16.419925994360796 -0.9006176440138587 0.46983993347368264
8.75345253749593 16.497683046388776 0.24153582708875232
-7.128829172288398 -8.45772696599835 0.8934980508659902
3.9634294075820327 -2.727711071989579 0.9683041044496756
-1.8453189970390307 -14.585171030169535 0.6446841833254204
4.5325651294533245 -5.394363293400081 0.47932810854829294
13.027645198718693 -15.510716542766223 0.7379150346777703
-4.890231178955551 -15.058072129632787 0.19016142032912525
0.06220029732819832 -6.542527432351548 0.1008188007148848
-9.834853875032382 -2.8079390087578235 0.5144801207417247
9.019077924810787 -6.770614455393405 0.8325584976893525
7.508232088132131 -11.224087364356194 0.6071112323610001
-4.970379096602658 2.8026070821609914 0.3102435041875937
6.160390802592676 -4.6609492712817495 0.9305268030341137
5.3526442845021505 -12.24009891380824 0.50542064716084
4.453206189173051 -8.812880929684912 0.24152531229353685
-9.223400886191538 -6.989517336952358 0.6574264542259998
4.191938206233676 -4.116289390240915 0.18000164015138592
2.6350834157808656 -6.644631267519418 0.5716366383931001
1.7140464904071 -7.389564378330231 0.8842649185050069
-1.9381107989522663 -5.850783982287368 0.04917391343526811
-9.0827096374067 -0.1505531186976785 0.1686681696563293
-11.641173462755752 -6.061597264602206 0.3404367251548358
13.112118010674115 -17.061884155613765 0.363321460515702
5.096744844933256 -14.730178879847724 0.1857850950479435
0.3697569510590295 -11.251568958093845 0.8409748330466995
-1.4268179685431768 -8.583590572952797 0.4465663208135392
7.96632774957315 -7.974899267625922 0.834918327281605
8.96093771775038 -13.877407530049851 0.5158821307266567
0.9842670253507684 -2.9520489399639347 0.010414211898682912
-2.021944018820496 2.1040693629179543 0.05670042471404502
-14.485427986652622 -14.348069423573744 0.748974048782619
-8.175236642637536 -6.172009709496219 0.5272314155261932
-15.397230872708176 -1.5289206202758177 0.20980556885376528
3.0898450006166795 -2.636542098357789 0.6289254400164641
-9.891486616142963 22.677223151294648 0.3638028962241606
4.000708724331831 -8.364425711280258 0.09567812001743864
1.5775572980904116 9.785533998366098 0.26709771340412175
-1.3096286127628645 -9.463423464085572 0.09400112344090339
-18.328628042526038 4.179269197967845 0.22842077609766342
1.1734012924741606 3.482053691664386 0.2644620561711804
2.1070880527527405 -5.817587160443736 0.04467425885138937
-7.201281971812642 -8.702263396949792 0.8246058259615027
-1.738498503548029 -14.824435160681247 0.4976852964384798
6.485191658275217 8.515089491801305 0.8357440086922676
4.992626947449736 4.635132438630794 0.276256223743593
-8.64908110337621 -11.730650693715006 0.7181437117933815
-3.398526089888168 7.84910227442444 0.5744025983365628
-16.864476663030363 -3.2615505696840668 0.7919682306828673
6.81796957405953 -4.809008518287888 0.7439071406152084
14.50405393280179 -21.50740870220055 0.5081704166037385
3.9606284257384186 -8.614425327544007 0.08176469809148601
-17.895913919129157 11.44881951355793 0.4815060541504898
-0.6569662686525057 -2.574938344028357 0.22062313694051316
11.28683708319623 -10.106398841537919 0.3545036494472053
-2.521429072633201 -8.520610351734323 0.2967507587285289
-9.639289127481323 3.20920620787565 0.4584121321403872
-4.034297034308286 -1.410606339174497 0.8082963582184667
-4.045260787242146 -2.915191678446466 0.9064077161533953
-6.548757559712435 6.8147698117462365 0.07923330116157401
-4.899685249677761 -5.205837534402362 0.5724393152529663
-15.459070154870496 -7.282973251248131 0.7781478163412493
2.5940757400970016 2.739473081407693 0.3524616246174789
-5.403442172682789 -7.806724001134608 0.08333264772551024
-1.882296781655409 2.87242322911342 0.09287325452661088
-14.300616563758688 -6.333267780736331 0.1801804620684208
-3.3007724255138617 5.348211971625517 0.03727806819623314
6.653640369290527 -2.343448063860659 0.48701019056405226
5.914105536911646 -7.420498058105572 0.0826537907811794
8.37170038628885 -9.375188184771817 0.12712584257063092
-1.637420783389616 -7.971760744357752 0.8706549321399608
-10.704942459827679 3.1748076417920936 0.8726006303722779
7.430771389759127 -13.298208598480661 0.30812750524260557
7.222940133302656 8.087280942703726 0.8818823706238852
-3.9722944103180056 -6.11392819451964 0.6940128395245221
-6.379708802723034 5.597069271061633 0.6306119738500743
2.1088900848830034 -9.381946287246464 0.11134004906733386
-16.819396525638897 -7.511137747382449 0.3178006226478737
2.460974668063027 -12.865730169238347 0.3235825115238269
0.9809339712597316 14.788986297127675 0.5674876540456476
5.060502598588934 -0.2717315559712623 0.8601793432989799
-10.449695927619082 -6.716977363943008 0.14021559945857986
1.7278500628146387 -13.603792261802539 0.7342814636832063
-0.017957612067489914 -8.127996971311072 0.8755108465485153
8.19120144664994 5.800688515795124 0.36000587991965016
-6.68552472551895 -6.161735100545431 0.16451278502566602
-5.120708562963374 -5.7920905924896555 0.931815141926972
4.494479403162352 -6.524693009790988 0.9384842669712652
3.8837064371529455 -1.7128429408137142 0.786302861809278
13.19768267226509 19.052710750091606 0.6519986288714175
4.131831215944231 -12.018741977390054 0.14439732259496513
2.5338259994208534 -7.134637029072771 0.8776187389504708
-3.565995833933341 5.4239763890498205 0.07889014432399016
-5.168516521069394 -0.9100038106482722 0.7268446371182773
-3.097898616065856 -4.1791146354989435 0.7642452874977523
2.252019667834441 -5.972132754462282 0.04747733725709924
6.171559806182706 -5.54302513019852 0.7779320309635414
8.820801518074887 -7.47257336533897 0.6660257262089226
-2.969246960855326 5.589379053185674 0.03972113774021252
3.2632581742964297 -6.980771321141725 0.9261080520798424
-1.1589965997635416 -9.348498296261965 0.07820228486691538
-3.643146611742944 -2.7246392455377326 0.9546258167876521
5.991561696177948 -4.294363737455175 0.7561989056173605
0.021426891095255307 -8.117693255466945 0.8802702342933173
0.15640400964915624 -6.298653521263709 0.03773322130126888
1.7749188780119987 -6.057510184073367 0.03836089252508201
6.576732844071975 -0.18198044876934694 0.11883575992449358
5.4022206867053635 -2.534530678777139 0.12381688650659256
6.218082736216837 -8.293854930549484 0.624954546243757
-6.11341258436774 -4.275240262836974 0.8164395250586884
-0.9181900014603865 6.582616467417943 0.15714786807556452
1.7239021244289399 -6.485480325308878 0.19955948147447578
-2.630971637055934 -6.6295343801387725 0.5577318517572483
6.867272182459735 -6.458844453382257 0.07829665358651339
-16.549231563546464 -1.883242097741745 0.5979424180266254
-2.9753571835176906 -6.256627700414246 0.37373928854067634
-7.2619859266353455 -7.1032186892739695 0.45749545955436377
-11.727337339002661 -6.744373519426367 0.623584274907077
9.553654011668938 -5.722229982501154 0.8801914267692239
7.999298773213784 -3.6313869773691256 0.37628751772742547
-1.6218625174512629 -5.178087578614687 0.5673733728234683
3.1015390985864464 -9.737833121398083 0.5079143670386406
9.44852461862416 -4.449437254508144 0.6830663321558633
9.921420432767517 -12.097721531307176 0.17981020955485116
2.6139490580551374 -8.909348620081879 0.09269477132255055
8.082942067407249 -3.7297770360599563 0.28477269060493116
-12.300372009598783 -3.836719084481902 0.20436238160939918
-15.892514455495713 -5.389391605755304 0.665854632237765
-5.174706229425725 -3.45463974679382 0.040050898492279996
-4.614469788405943 -8.24036830227883 0.07886430146707024
8.690240971594195 -10.762977940917962 0.7892246280881072
0.03325205876761661 -9.040062909154383 0.19302789729416542
7.420887225823379 -1.6847200382119594 0.8945014156348933
-4.7807144019253105 -1.9510276040787329 0.7940449021945035
-3.5463691899601084 -2.820534324611714 0.9489191064905378
-5.455410568432637 -6.960920812048076 0.32888053098069264
2.295087614105454 -3.1807757609875438 0.495490416486851
-0.6779207525471485 1.0415028728261275 0.8949400326648411
9.844938614098993 -4.508288669767401 0.8782997084040527
-8.692890322632206 -6.199150473628044 0.82379675388187
3.266059890311852 -4.780251532498459 0.24215713383479526
-3.1484041721158755 -13.298021447249432 0.7085117056848962
2.6456384774348325 -3.7260974993819183 0.9603806851876382
3.2791442758354066 4.580357721438157 0.3743765091454686
2.5968130076588034 -9.156238721361888 0.08679382055601559
-9.493534273654783 -3.275933616260086 0.3644961951856911
-5.4270374800405055 -9.423100771316815 0.8881182373085208
-0.9751622883047522 -2.625277936191683 0.11789348794420962
12.573406944345741 4.910140944638854 0.6032478354999911
6.241144802755345 -7.648753563851079 0.24010615634136745
12.227274776747791 -7.394526644197736 0.8289660220989816
5.311605693392183 -8.8577254065736 0.5955037256771201
8.340668057121633 6.886769223953817 0.875286280648899
9.137704904327423 -6.664767298473038 0.8178238398272267
1.0683971598230906 -10.366553526116013 0.6668459102795787
5.362685503241474 -10.566894234816724 0.4472487466467432
6.997755650526296 -4.257457881244729 0.8430045650831023
5.854139655714455 -4.829917646140452 0.885883685463104
7.231599495204091 7.374433382186761 0.5957273096871591
7.904262710666867 -7.428272366202881 0.8827196884525815
-0.434060221735165 -2.652202772648262 0.1968166665842946
10.899324052397102 -6.399895101146381 0.1322168057503234
0.18821286961100858 -7.014897777991947 0.4536094309776111
-5.748492113582293 -10.60493825866291 0.29645116282871165
-4.388269503329416 -3.675869696091822 0.29472620451850906
8.346174415570129 -2.7273930475138726 0.37996208821754907
7.609383525545449 -5.433074813212867 0.08189144960984374
9.72043449377894 7.905610374087017 0.12750111005761566
-12.502564023551686 -3.7398977876167905 0.29276610830649225
0.5978874101749623 -8.228179018816029 0.8079449566287213
1.6474127659676001 -5.596672383652649 0.20865053448082233
-8.238735991588497 -4.043881318635914 0.1255607962418297
-0.8369708770477884 3.7969500984011555 0.4623005124405251
3.481991364435874 -0.5039605651662671 0.14416626496962692
5.536582615796511 1.0677307924730215 0.36947410753912446
5.9035682702917605 3.5815734575976115 0.35365915212795385
-0.2677579029834405 -7.803681813105047 0.9423309468820211
9.03623379175172 9.793552546490414 0.4810173593753625
-8.00486122876035 -4.445966525313139 0.13410909073569638
-5.062121569244092 -5.920037379144675 0.9407116037108241
8.612391661080094 2.6516141022604307 0.2103574652023411
3.677223420411515 -5.174142411621665 0.04182752776108212
-3.841401076256895 0.09031170636199004 0.4183040069525419
-6.930125188829367 0.6843066818942802 0.405406968083923
6.400814690102321 -1.9822056537331676 0.19265164265814871
6.785260237235812 -2.4825794128576257 0.639126487829152
-0.4365112180308297 -2.0197883678303667 0.7715006125511529
1.7881982754294423 0.05794081146727828 0.9501934688881833
-10.089243426415061 -1.3923313415218033 0.47922955031757186
-1.2545721475044476 -2.5629803226968044 0.08743853810492158
6.062864854694596 9.808748455780286 0.6865531186308138
-4.827093863065671 -6.095868945722254 0.9391643832474239
-1.4261458420555875 -2.8440057853972993 0.011534543682245435
7.559913876822057 1.6154196029840466 0.9317081373730275
-5.285504747063797 -4.227847071304419 0.2417332008798146
5.0341601634168605 -9.271742183918164 0.7546233359453398
0.5288781842250784 -0.7097690650853615 0.5989328834225456
0.4830735445343566 -2.6002620454001533 0.23097096600226263
-0.7493763208110567 -8.02117536032774 0.9053739918239909
5.552936717532567 -4.500578387446674 0.5713573266531027
4.090993519955801 -8.927210275628665 0.20735691147310142
-1.469849803682521 -5.306025621091114 0.4924064808212902
3.4615492185071384 5.562279922689228 0.10489254468838494
-7.511033432717709 -6.0949446370434215 0.13231021700230194
5.451756334660238 -6.7623456746952915 0.45953367346683605
-0.8786682622423788 -7.112928927352365 0.588456581001098
-4.110626680243834 -9.795435981073968 0.7967334205286201
-4.745377840685501 -8.729984427308137 0.28435068953702125
-2.2934408513311757 -11.450890172204078 0.5789471573009024
0.5948258624395479 -8.456286754999633 0.6387153542819342
3.8498645136181673 -10.74995556390715 0.7594520506634672
-6.6192210029727825 6.409506069354332 0.1124180434473126
-7.594716375946318 -2.6374888037942785 0.9110631364919556
0.8249248363735027 3.4247804806600315 0.14717717998763935
-3.33969167918306 1.4444939106072603 0.2344925563530021
-2.201576975181128 -4.073411218958881 0.9727854968558501
0.9873471954422941 -2.9255054250440318 0.012253662712839397
8.998356385483685 2.2421325641317082 0.09531190676707135
-7.740249097358795 1.266424590297173 0.9436249116793347
4.809469015055921 -6.112814205140544 0.9394591470776708
5.681492405615188 -7.476117973611908 0.07876694987764171
8.488291617640666 -8.126958729487189 0.5227145102400704
-5.44300393741069 -11.114746835293863 0.15094228590397635
4.608961740325407 -3.5570601866342946 0.21753920737977422
-3.6355553814966886 -12.063474051147285 0.1284248010604353
-1.101699282744394 -7.182599468698409 0.6740180841554153
6.625254418641119 -6.4252929631261235 0.10747711070936916
1.3567664487934072 -6.602763403044847 0.22105659714435877
-5.9541755693611655 -4.662908400020405 0.8735885710086162
-0.9602729110716302 -3.543006986694475 0.26137669962535415
2.3202078595998423 2.0175133181075986 0.013707180941958774
3.532330632328595 1.1659742326237126 0.30413877460335437
4.972759761214783 -1.501730423137098 0.7701941453866461
4.213966559327983 0.4008538301679635 0.7772276709602388
2.146226349305196 -9.774908438646863 0.3372867131605405
6.616483895682611 -6.586133315394252 0.0836526886007617
3.325529626076559 -5.6285904916739655 0.09840322848942601
-1.1974098651498026 -6.697037267909546 0.2688325318086049
1.8336445107949912 -6.41854482861532 0.17560571668327596
-8.861587682782138 -1.5055426595050507 0.22477982171517236
0.6488718636048287 -11.661308112829854 0.5781521842963226
5.602459863946336 -2.7145232628381506 0.03970030169603439
3.44207941394541 -6.051838843320022 0.4039820242037526
1.7225291559132005 -10.863862441861983 0.8978800472455677
4.601060505240942 -7.237685217186684 0.5545407534156838
-4.613566588836301 -8.156032504095053 0.07994982813328
1.6839364730511244 -2.1298095905288212 0.17593193560420356
5.3538857604594075 -2.8548728703487325 0.07749039665878066
-2.1086497093075294 1.6085966764356296 0.22489614114059808
7.192886471046307 -4.936970165387363 0.4271229491898692
0.426336456480527 -2.6982439315862874 0.16383363649849542
-1.9431346859816578 -3.0848613357781267 0.24037940456435952
-5.564631352706503 -6.541949741780139 0.5440586022184101
0.4162455271165786 -7.087542827031385 0.5282334844515473
5.2256011417385615 -6.658038706381078 0.6497442830815046
-8.090554272120043 0.45241469540464996 0.886716265638724
-3.831825263863946 -4.8614886198069245 0.04424129513021946
8.718664754293844 -0.31222939921806936 0.42705912215650405
7.985209525858944 -1.852672216959209 0.8395202220997191
1.4514088477342715 1.4368048834044704 0.7912424554135801
-3.3028240625144862 -5.787211610015248 0.16785686757710666
-3.8486973101571365 -6.797677292643496 0.9425467189641019
5.596545765411571 -4.257796083900435 0.4668851923950504
-1.4921481876877172 -8.168420302356822 0.7722717158713672
4.431288410521198 -6.058372099593561 0.8438842275906442
-2.886941229921777 -4.041769620008253 0.9158288359429141
-4.735188613110566 -2.9999960328299595 0.3995021309414722
-5.796519089625283 -4.027742959030918 0.49084667748891164
2.73430709800429 -4.128410593423734 0.9227866029946339
0.5451719932553556 -6.896317209973661 0.3647749024087895
0.5152604397522851 -6.7384663679775345 0.23397453598015355
2.807474408011645 -8.466306881888594 0.27191036448183237
-5.357338024973109 -3.436835725275324 0.04434258354930837
-4.376702695168407 -6.337967087159282 0.9252181967409236
-0.011506924799611573 -11.106025259285014 0.8865981395619921
-5.821614035728405 -4.572145998750999 0.7782454502025326
1.4335611627751503 -12.534175679523527 0.12970367741309385
-0.6386448172544807 -0.553035284563851 0.5591942391380785
6.5583808544266615 -3.72550257110015 0.863619444884741
2.3736446408293634 3.4972668540413374 0.7722729004182686
-0.8007456311672074 -7.165399409257775 0.6260912153724938
-3.582779518664041 -0.3355708937542454 0.20236190574412471
-2.5196282191337183 -3.7728279839427756 0.9507456363410635
3.9126543774602047 -0.2880686063901674 0.49636648203165074
-0.284207536872243 1.079146736181956 0.8062264770194465
8.005908251784215 -5.4034369303506296 0.1266644708392926
11.081913408628626 -5.205857412005272 0.19788395776512807
8.447982371296703 -7.246302189802247 0.8816273030863697
-2.125791766825695 -3.5775523008309005 0.7183544517903657
-2.637727413905777 -2.99668772022334 0.5630102244616123
7.3392645934873 -6.1792233306615305 0.10456069007100155
-2.1993224059777625 -8.464387043214515 0.4091530848866892
7.3892968334401194 -5.4989226296023705 0.1134423687106687
0.3475302722168816 -11.79765437338149 0.4832108450742578
1.115756269593602 -9.42430225212804 0.08279631410488708
3.779541901958827 3.9787851040444098 0.5094352189251494
8.28411654502077 -7.041956877860184 0.8878573150513861
6.193942062426996 -7.00315109413514 0.08196337044755331
7.050991830694726 -7.900293557944625 0.7779281340937538
5.626683199513691 -5.352162622914974 0.937818802191529
-5.1462967417613426 -7.868786762104767 0.0783520765317603
-2.2947108262649234 -4.726147189936816 0.7220144436433735
9.246391738110484 -7.432495777187587 0.43702327933415575
3.4198393914246883 -11.40058838194856 0.407701664710102
5.364997562374864 -10.2276853253368 0.6738930953297518
-5.680449094328591 -5.650334067552099 0.9196045297461057
-5.320848316706594 -5.763331533430737 0.9436290820270365
2.2906844009133343 -9.840456560070475 0.41287960396945195
-0.32220080525603345 -1.3804963133193395 0.9748030082826169
3.12849600556992 -4.62500665330291 0.41956198296403274
0.13330748210250126 -5.84078583639263 0.20274068457724742
-5.400739222516715 -8.109162800497714 0.16460483393015474
-8.608030991970974 0.9475725457307171 0.4821370692319627
-3.363019525718493 -5.271456426364309 0.037771042057635096
-4.175780359200705 -9.76916061444603 0.7973842116607891
-4.494520491839495 -6.686885523057557 0.9050539115182616
7.479842738322619 -4.506600224638164 0.42002667078547373
1.114318977770699 -10.612050447803991 0.8207384210623736
5.725987067800057 -9.597294182873313 0.8697870834452954
-5.767046995043733 -6.245853329042271 0.6187008902803282
-5.385785780266872 -8.276642819096281 0.2419121665798875
8.787465296924253 -1.8963145970321635 0.22401968450205334
3.368718487570255 -4.629852799224323 0.29363792485314566
-4.488961123435116 -5.660701680425823 0.638614763030982
5.1479968389499255 -9.677754271244925 0.8975731171720087
10.736554135050278 -5.911231626978347 0.19245357952774095
2.5664458822732645 -5.870484936565 0.052718826808373864
5.1335366747547795 -6.490390383847699 0.7915516907947229
2.979184243126408 0.6350517229128408 0.018072847253411684
11.409463862927572 -0.0161501884834212 0.7648152790379406
6.473038439699223 -5.484527434108632 0.6329497301326428
3.497052692591587 -0.496087545920761 0.1535729102228302
-9.446053144424255 -7.265225493439045 0.3970889157892298
-4.638048895911062 0.6251681996719305 0.9777921290191077
-5.5352473856637205 -7.940960264895553 0.13518753926820493
3.8454087006743105 -3.9115921029144163 0.51183539686901
-3.5701064269733385 -6.961333265505827 0.9431581156237616
0.20353766717626032 -3.973251679054709 0.5497912179255302
5.540218372525099 -0.81454660956443 0.4047809353573204
-0.4087871269946979 -9.471969532415804 0.08170954482945708
4.313931086149779 -4.737132525958549 0.05274081963426669
-3.813230334821344 -9.379180182827945 0.4300297012097295
-5.404751879693988 -3.9492455940325595 0.18797820680244082
0.060545813409584426 -2.671098996677944 0.2091182970671857
6.30546494115935 7.012738933684625 0.07836747854302845
6.707306528322878 4.457685355262244 0.9063025798038428
0.969350108684383 -3.741137680286574 0.4396659783984325
-6.2043996839157955 -3.8487550291420205 0.7021833538500536
1.0116918199312908 -0.6673214399358951 0.8755626749587535
-0.06982016070894748 -8.91235919356398 0.276985043027574
-5.607992726615966 -9.603838786309005 0.8835353082237665
-2.8248355105426626 1.1565156916416652 0.016974815734605908
-5.94242283654056 -2.76151158268138 0.10551836642316598
-5.112495250692362 -7.749283963793669 0.09293535351938714
-2.117485645426343 -2.2104593913619732 0.015597175093207627
-1.3449599643893895 -5.851246440909734 0.10501742095956906
3.5513104560361364 -9.826889553745115 0.6867536703072453
4.838481082809249 -2.8066659775804528 0.41047026659346897
4.5176845068530795 -4.1419777583537964 0.057439697482561336
7.949469250958949 -7.591806367707111 0.8979983211987426
-1.52648574212399 -0.5331709311632391 0.9952809839072267
-1.1213084587719502 -1.9380871355276166 0.6148840741455079
-3.0073313481805846 -2.8294286726256566 0.6901381496397766
4.662820794436567 -11.108228659326612 0.3064479646909066
7.286416813048685 -7.109491701030909 0.4754149600677905
5.319212068565082 -7.338005132206737 0.17992680081104717
5.836062368596556 -4.042444088116611 0.5278804902963489
0.7757786219689566 -7.636668477127391 0.9179437792185879
-2.224544343519276 -3.8507876708719846 0.9147177253960785
5.580766361799076 0.9966039964687019 0.3423581643871305
-3.5169645128705853 -0.8964320340995602 0.22692185986687907
-2.574942104763942 -2.8770559451177133 0.43617635719802605
2.0607745155325423 -0.5542421723346176 0.7130044630505745
-3.698872696860103 -7.565128660686833 0.6844391240004548
-2.0777726890739023 -3.4344729277562576 0.5839120005037663
-6.501255573364107 -3.0596467056176495 0.6045346027764872
-0.8517191596676479 -1.8175552834653128 0.8187500783567883
-3.0328237403990066 -9.595475336154283 0.3806745202107486
-4.70502695523326 -6.725656472389085 0.8333690200547528
8.26592667302281 -1.5395266385437287 0.6946498952283299
-7.005728599863771 -3.0591727357684926 0.9077202496497762
-6.739295731689545 -8.254537941943951 0.8138744530673581
-2.716911334163613 1.8926802830393077 0.038653559153284944
5.3838585080056625 -5.37166005467468 0.8926842252947544
-7.347413497481652 -7.888744807089782 0.8647089738968995
3.0775879746360957 -0.405104701661831 0.010873894645221815
-4.967803707730788 -2.6515256531482536 0.37620446425409443
2.4532063490526186 -9.179185889676459 0.0842958258703993
-9.101270751528238 0.6203202035888977 0.14945786957256496
-2.765423855419604 -4.136935232292365 0.9114150276547281
-5.089050493100889 -2.7202942125649154 0.2570738231488693
-0.3802112584275785 -3.127239150252075 0.009852161370695556
-10.005024672807656 -4.045931429290748 0.8683726354363568
-4.977684705536607 -7.851478644685939 0.09027078821434026
-0.1590562251400599 -3.5506465321943073 0.1692157318656921
2.5386354330313528 4.294653328946095 0.9050772721618945
6.978598310927976 -5.682842212413674 0.21762317547259608
6.7300273321557835 1.0062632849029787 0.2701016238280013
2.901944816634243 2.4327720747913677 0.3654996585652527
-0.7238289686417698 -4.9723349823532565 0.8858376293851316
-0.5171325971085872 -2.475278429812836 0.3330191234188341
-4.991936450486442 -5.838167592656605 0.9195352536802832
-6.021644251433563 -6.559238419874952 0.28317914469134486
-1.4883116980156033 -6.105281744011176 0.03726848380282005
4.438813043423484 3.3965066539917608 0.4145062538979869
3.8970966673389706 -1.5484792120648794 0.7453333556761259
-7.190702479391621 -3.674052882163583 0.898322540355448
0.8435466911401859 -4.834251224778816 0.9409943943130805
-1.289516960738293 2.679635102501098 0.0361419078195524
6.052280929713433 -3.6315495182730877 0.49058374359578116
-9.905153472790786 -4.2385095714528855 0.8625980754118554
-7.92767341458102 -4.938913518859216 0.08304670734826952
1.0480977527570212 -2.008181331550873 0.5895348830038705
-4.522465105423429 -4.135839639587429 0.057608129048806245
-1.7818772454979002 -4.810449798432657 0.8186169195755724
-9.204332042699345 -5.192588912782917 0.7654523299265645
-7.4013920322123 -5.593669198456129 0.09439522192818578
-6.0582892719079275 -9.431879307478578 0.8588761946188013
0.3739136456599107 -6.4496395280881105 0.06792218873428146
-1.3826740191643119 -6.365747566908125 0.08811389927740332
-7.445057692061006 -2.1237233804069158 0.933940861610051
-0.9758063588015959 -3.111496482830246 0.024341607426098366
2.711120327562021 -6.098975188783451 0.17500226848181505
-3.399776281530057 -5.406895901880147 0.048328167918246345
-0.375114826579388 5.073104561747456 0.8479024175332235
-7.066035653251985 -10.227679082217673 0.13851963750324015
-2.256831978497574 -2.605564455379198 0.10000880234073967
-2.118973198053251 -3.806993981723366 0.8649259496605924
-3.1246273876291277 -3.66067987097447 0.9680016901801054
-3.432180239772366 -6.098846450498635 0.43630981673341346
-3.8821249684610155 -3.410273405374306 0.7911951497328635
1.5896890844487628 -2.968184824663283 0.06002177553097693
2.104867405650003 -8.128353643885708 0.7037331261529797
-5.0426070416126665 -1.5907625303867992 0.693127188957691
0.7101563104543607 1.1649958989902356 0.9562942953631008
-4.9282269060373505 -0.8045001551424249 0.9027238346807493
-6.842528168538404 -5.262224858347898 0.5064026850441353
4.949625314447971 -7.2514070179663275 0.3806945393615901
-1.0013155677604517 -2.3083032296194217 0.34475242114891935
1.2311668436654848 -2.3775214855583444 0.20469859275061325
-0.6630275370681316 -10.141342376455023 0.46129531109939154
-5.684584817379358 -3.930534258789759 0.3589263871607716
-0.2969967608449915 2.32575793372232 0.5114231913251057
3.232056636716637 -6.895245855968156 0.8966954095126437
-2.181228764515102 -3.6423469281343475 0.7869791250530894
2.1558393313223108 -5.9504615029796195 0.03970636941797867
-5.43922091634771 0.2731097719841145 0.5486906730261669
-2.1078042060909774 3.7191022964857234 0.8090879591460534
3.798497628582935 -0.5518564026536357 0.41438948711490153
-1.8756777838442775 -6.048810351900739 0.040103816683751015
-1.8499528342964238 -5.878347484094665 0.04935560658650734
-5.5171427486743445 -5.476699959581504 0.9389402494535896
-1.6203310077340913 -7.489906493513506 0.9139815205729254
-3.3557296424448086 -3.2037652408697905 0.974069372625139
-0.542658640933207 -0.8643322662074358 0.7261187465757255
-3.0221317789071493 -4.781995960545238 0.35309107338000345
-1.0060154963299237 -6.464103990672434 0.10039792777338474
-2.1834403569944945 -8.676597434677518 0.25253849742849865
-5.805617083334759 -0.08939532766194036 0.22925294829137832
-2.2075240690226097 -8.046661283074728 0.7434392845397133
0.10719725395854152 -2.9756993011592314 0.03492734128614394
-1.7177727421445483 -2.7254823493732427 0.016483634821817084
-1.3940316009400746 -3.8024967945967734 0.6178510794168471
0.610635608523196 -6.416966872117445 0.06330453049354628
0.22896748030628844 -5.631828017894934 0.371380631606269
1.1044492076268129 -8.773414547376833 0.3299139392457401
-1.3694404976637906 -1.5444775264424866 0.7733725827540852
-4.712066376299806 -5.69578998422918 0.7711042818015132
-0.4688284669462468 -0.40860709186389443 0.33952438149517533
-4.991536449067245 -3.78876112167688 0.03732734219348566
-7.349573557324805 1.7891419463349643 0.8742979844549796
-3.015445806932302 2.1226842624153757 0.27582640308074335
1.0691455594768127 -9.481581613569304 0.09139088045704646
-5.335247330061009 -6.271488516579012 0.8179319239542042
5.63149711893426 -6.188437535217848 0.726137996213242
-0.5715325865815382 -1.7949044793499551 0.9023836749141381
3.3868705613789314 0.14927407395779335 0.07045342382005099
-0.9828239227667246 8.33518998920244 0.7064747200595096
-4.117368886946073 -2.2863635234593946 0.9785289936978614
-4.734139055779024 -2.1587239665486395 0.763469058641502
-10.58029042767431 -0.7346279974458363 0.7873183267668376
-3.216777178887345 -7.739031021373606 0.715712039501264
-1.7896885667661429 -6.686045261707255 0.3679192891328895
-1.724517869417633 -1.1956119574324484 0.744332448670381
-1.8168982890881702 -1.7567869844608877 0.3343055763487477
-4.777420372561335 -5.095113048000657 0.42396041135730955
2.14588615222816 -3.7498408071841296 0.8412203902433971
-10.91400090705569 -8.486663184466114 0.7860495877982018
-3.5625822063829533 -6.648518187443708 0.8637231170488309
1.670009571581529 -8.90874403163691 0.1794893183472689
-5.764122309154068 -3.8963271056283424 0.3997454367674846
1.9621659914913592 -6.161383864108525 0.06987157682750833
6.362281768816362 -2.8243797350226183 0.40289901318232113
2.3962575047550785 -5.575781712746602 0.07696107682371245
1.6047137414439931 -5.529078637772854 0.26769000811650057
-6.5841310758054306 -5.880502189255322 0.3416033103090415
-5.585263073781705 0.015224359022538714 0.4181364016005936
-6.875882655360455 -2.13927460957264 0.6182798372900861
-2.2376624326271015 -5.219410583730583 0.33376019830630566
-5.640502009588733 -6.215499283198202 0.7061809475931019
-8.630182642215646 -3.3685171502252764 0.09757929819473116
4.6619823675414445 1.3294644175266932 0.9598944024835807
-2.26342098935124 -3.5920055596146763 0.7870815576135168
0.6364398182906408 -5.928477079692815 0.12637553763064213
1.526007381185844 -1.1937922565854326 0.8686874382882864
-3.416569961536161 -0.23625341984183024 0.08777307072113183
6.722331779298346 1.185485016123877 0.28717216955343283
-4.498382628173765 -4.787169836617518 0.1135866350843609
-3.102040981750441 -3.6505299327720366 0.9719965421779049
-0.9709794327463106 -7.9796919103973 0.91142990675061
7.6815835000028585 -0.7556648125728733 0.9291423673706751
1.3569062245658738 -4.066362333428771 0.8177495239340737
1.166901559615224 -1.4592283972333369 0.9111273883955409
6.4440738851907815 -1.1868749549698994 0.10538697222919863
-1.664137350838609 -3.3072385595320157 0.28864828073277077
1.098030379441053 0.6278089118390286 0.9079677764899181
1.2077339605486388 -5.939285154497412 0.08004932358702127
-3.070850507887761 -5.256744227855407 0.07008313012801304
-3.0742915162737194 -5.791806113790113 0.1076636215770797
1.3872864784560377 -2.4600380397414248 0.10372165750104123
2.924744507659102 -2.378526397897753 0.34970391074953766
-6.2792941081503315 -8.407536194099901 0.7178832736760954
-7.343118807633301 -0.9924162608461498 0.7834237011096321
-0.8544514202648805 -8.838114621659464 0.3016684757017538
-5.049460550208647 -7.242149239273161 0.3409421299159085
2.1215474972044013 -5.808068493524071 0.04535230255342826
-2.92376741876052 -4.658404638788721 0.4979880137633225
3.3627091832834335 -6.461891538239618 0.688704701504215
-3.993638010279842 -4.281737325358215 0.19368096429266196
-6.278702812482673 -6.840597986780364 0.09261584802047462
-0.48969514500955946 1.164178702721098 0.9069038190584422
-6.032367960199147 -4.062999620696684 0.6793500370779929
-2.987871572309372 -6.466969538154796 0.5499444884802419
5.29287944299298 -6.39234668121552 0.7753080568181332
-2.6240284657593205 -5.082196705025615 0.2987414026785059
4.698519700358584 -4.730373865120179 0.1703672897196996
2.8671030719731494 -6.2222073499741315 0.3076914543147424
-1.2439719052049758 2.076572051502751 0.4364551642169172
5.814224974589258 -9.573501280052717 0.8619649891581884
-6.204211884905208 -9.629605895100708 0.7369450223612881
5.034284513703032 -4.443667596823995 0.20253140453842594
0.43032691270577594 -8.296556630276584 0.7694054452307211
2.001297890462064 -3.1496008865448 0.31478089113405616
-1.4495494799647055 -6.707183150436265 0.3169218168428932
0.5929723830918499 -1.251770257022572 0.9641344191357907
1.7036457913303569 -7.292616089360521 0.83405712071873
-0.03310375269881849 -5.086272526007738 0.8482774141231559
1.6732151659363343 2.2907390234541847 0.09660597173661511
7.87873148244671 3.097513069848431 0.6481591745890067
-0.19488713364985755 -4.351042868094435 0.8639461485643949
5.8186093292439365 -5.141598356615248 0.9376984282768888
-4.862822891708054 -1.5511841990518147 0.8363989208549791
-6.626368396874517 -7.266245533836788 0.2159077853151048
3.1507114023437004 -3.9983072640982957 0.8455584546317692
-5.767593344003503 -8.800479871933188 0.7367236162725015
-0.9541456480220101 -5.399861983587541 0.5134521068527926
-0.743205950738191 -6.685219059518735 0.21068386130791783
-2.7008859340531175 0.47839332519962946 0.15588856817189328
-2.760931601246216 -6.59275601764579 0.571161613152768
-3.458722444299012 -0.9869740943416743 0.20106540644468135
-5.9888361165995505 -3.490118207059037 0.37684302014181914
-3.0333102481761034 -2.6278229907307065 0.5831620583498252
4.262104132030803 0.15602186479159796 0.8017370075789891
-4.47918781878189 -6.572586952049904 0.9334979010829556
-3.554869165957043 -4.009545370985349 0.6299220394642864
2.1351985473159063 -3.008408123822001 0.27710760932304745
-3.2276421267677255 -5.313973836046946 0.040531236655811154
2.2592491987141647 -5.179623528448039 0.358450377773719
4.2188536375028125 -1.8867422704298873 0.9714145148146194
-0.7179942267579364 2.017581079116925 0.7062347470924536
-6.9608690505475215 -3.7237452819163614 0.9416170196546594
-3.1534285384223804 -3.322898076071221 0.9631967109622135
-0.70370355384549 -8.49704450357757 0.5975774517039207
-6.979483724591837 -8.005593771008762 0.7955924521725889
-2.087462040213531 -4.08773727278602 0.9652591934960641
-1.0982638475764288 -5.563401742017454 0.34084860465819
-0.5786231115055029 -3.301398747033047 0.05359438110077419
3.312270630670655 -3.130190469681932 0.9569689597648161
0.370903063454473 -1.9702513558385466 0.8205471247800175
-8.06222640804122 -2.4737547520170136 0.6746550118939676
5.775735475120991 -1.3905823339767336 0.1386857005801686
-2.7003929197446737 0.10730098232869811 0.1853206270269867
-4.539543710548976 -2.92934049956993 0.5892878838022717
-4.543648689062824 6.9641575305092545 0.7640777569235211
-3.1020118249199715 -1.7072829117154726 0.1596684335274698
0.7747763758510634 -7.925571609297098 0.9316092309044932
-5.404724914392544 -3.5303873190505337 0.06633046727637204
-3.490223030385569 -4.4193857392593605 0.3759665979081056
5.2015266688443855 0.1877250916855422 0.7620222015831961
-5.007226443444337 -3.3950975965295767 0.08449744375592871
3.232375006138792 -4.9415420514165405 0.1605321078025866
6.237262281906929 -5.969883852518536 0.5048097424428687
1.2852157089447422 -5.067214850621959 0.7436751573041445
7.464496470479929 -2.2957009179768715 0.9424158516692256
1.5312655465275973 -3.83511595075762 0.6904791518131607
-4.289036802563063 -8.384891954836188 0.07819275749028337
0.7036285101077708 -5.785551192962711 0.21296164498977888
3.748215495610917 -3.771478203975626 0.6670579390849667
-0.1438090585084013 -3.799739457862273 0.380240701059151
-2.04621873151466 -3.2513507192061892 0.41752750323243976
3.2603136229988885 0.03765998302678475 0.024249024865724444
-2.9174173834144885 -6.327447262383488 0.40880392882794997
1.5957893449613938 0.6627217035696065 0.9726845686066131
4.762853590930416 -2.096774367918114 0.7627768211474055
1.189026750549143 -6.795463044577785 0.3481652863377216
5.209761567767598 -3.016882607703242 0.09728559598750874
1.1352656457949952 -3.8590404055861205 0.5919911233865752
3.7803218571707853 -9.25677924994087 0.33056491109816677
0.37463597396994053 -8.98781494830242 0.22025107815783873
-5.1598493373286125 -2.9222513929076905 0.14510735105701167
-5.019779662824721 -1.972399161092382 0.5978733785295438
-4.259016556148548 -5.469579608628512 0.37737865596465375
-2.398133639158476 -9.854530287453596 0.4442280955533017
-5.1675563123356145 -4.992145543481151 0.6043755409140378
8.234441161654674 -3.0585171606671864 0.3769986465518549
-8.137028202370239 -0.9364451343022016 0.8432219079019687
-3.1940075882551495 -4.514303114614924 0.46971550857183714
4.370464088701915 -7.008129874177644 0.8019684239815488
-2.959825348174841 -3.0524318503246257 0.7918051088621586
-3.55308090918985 -4.5294698643351525 0.2680647040794587
